ap     rec    prec   f-measure
0.7037 0.0003 1.0000 0.0007
0.7037 0.0007 1.0000 0.0013
0.7037 0.0007 0.6667 0.0013
0.7037 0.0010 0.7500 0.0020
0.7037 0.0013 0.8000 0.0026
0.7037 0.0013 0.6667 0.0026
0.7037 0.0013 0.5714 0.0026
0.7037 0.0013 0.5000 0.0026
0.7037 0.0016 0.5556 0.0032
0.7037 0.0016 0.5000 0.0032
0.7037 0.0020 0.5455 0.0039
0.7037 0.0023 0.5833 0.0045
0.7037 0.0026 0.6154 0.0052
0.7037 0.0029 0.6429 0.0058
0.7037 0.0033 0.6667 0.0065
0.7037 0.0036 0.6875 0.0071
0.7037 0.0039 0.7059 0.0078
0.7037 0.0042 0.7222 0.0084
0.7037 0.0046 0.7368 0.0091
0.7037 0.0049 0.7500 0.0097
0.7037 0.0052 0.7619 0.0104
0.7037 0.0055 0.7727 0.0110
0.7037 0.0059 0.7826 0.0116
0.7037 0.0062 0.7917 0.0123
0.7037 0.0065 0.8000 0.0129
0.7037 0.0068 0.8077 0.0136
0.7037 0.0072 0.8148 0.0142
0.7037 0.0075 0.8214 0.0149
0.7037 0.0078 0.8276 0.0155
0.7037 0.0081 0.8333 0.0161
0.7037 0.0085 0.8387 0.0168
0.7037 0.0088 0.8438 0.0174
0.7037 0.0091 0.8485 0.0181
0.7037 0.0095 0.8529 0.0187
0.7037 0.0098 0.8571 0.0193
0.7037 0.0101 0.8611 0.0200
0.7037 0.0104 0.8649 0.0206
0.7037 0.0108 0.8684 0.0212
0.7037 0.0111 0.8718 0.0219
0.7037 0.0114 0.8750 0.0225
0.7037 0.0117 0.8780 0.0232
0.7037 0.0121 0.8810 0.0238
0.7037 0.0124 0.8837 0.0244
0.7037 0.0127 0.8864 0.0251
0.7037 0.0130 0.8889 0.0257
0.7037 0.0134 0.8913 0.0263
0.7037 0.0137 0.8936 0.0270
0.7037 0.0140 0.8958 0.0276
0.7037 0.0143 0.8980 0.0282
0.7037 0.0147 0.9000 0.0289
0.7037 0.0150 0.9020 0.0295
0.7037 0.0153 0.9038 0.0301
0.7037 0.0156 0.9057 0.0308
0.7037 0.0160 0.9074 0.0314
0.7037 0.0163 0.9091 0.0320
0.7037 0.0166 0.9107 0.0327
0.7037 0.0169 0.9123 0.0333
0.7037 0.0173 0.9138 0.0339
0.7037 0.0176 0.9153 0.0345
0.7037 0.0179 0.9167 0.0352
0.7037 0.0183 0.9180 0.0358
0.7037 0.0186 0.9194 0.0364
0.7037 0.0189 0.9206 0.0370
0.7037 0.0189 0.9062 0.0370
0.7037 0.0189 0.8923 0.0370
0.7037 0.0189 0.8788 0.0370
0.7037 0.0192 0.8806 0.0376
0.7037 0.0196 0.8824 0.0383
0.7037 0.0199 0.8841 0.0389
0.7037 0.0202 0.8857 0.0395
0.7037 0.0205 0.8873 0.0401
0.7037 0.0209 0.8889 0.0408
0.7037 0.0212 0.8904 0.0414
0.7037 0.0215 0.8919 0.0420
0.7037 0.0218 0.8933 0.0426
0.7037 0.0218 0.8816 0.0426
0.7037 0.0222 0.8831 0.0432
0.7037 0.0225 0.8846 0.0439
0.7037 0.0228 0.8861 0.0445
0.7037 0.0231 0.8875 0.0451
0.7037 0.0235 0.8889 0.0457
0.7037 0.0238 0.8902 0.0463
0.7037 0.0241 0.8916 0.0470
0.7037 0.0244 0.8929 0.0476
0.7037 0.0248 0.8941 0.0482
0.7037 0.0251 0.8953 0.0488
0.7037 0.0254 0.8966 0.0494
0.7037 0.0257 0.8977 0.0501
0.7037 0.0261 0.8989 0.0507
0.7037 0.0264 0.9000 0.0513
0.7037 0.0267 0.9011 0.0519
0.7037 0.0267 0.8913 0.0519
0.7037 0.0271 0.8925 0.0525
0.7037 0.0274 0.8936 0.0531
0.7037 0.0277 0.8947 0.0537
0.7037 0.0280 0.8958 0.0544
0.7037 0.0284 0.8969 0.0550
0.7037 0.0287 0.8980 0.0556
0.7037 0.0290 0.8990 0.0562
0.7037 0.0293 0.9000 0.0568
0.7037 0.0293 0.8911 0.0568
0.7037 0.0293 0.8824 0.0568
0.7037 0.0293 0.8738 0.0568
0.7037 0.0297 0.8750 0.0574
0.7037 0.0300 0.8762 0.0580
0.7037 0.0303 0.8774 0.0586
0.7037 0.0306 0.8785 0.0592
0.7037 0.0310 0.8796 0.0598
0.7037 0.0313 0.8807 0.0604
0.7037 0.0316 0.8818 0.0610
0.7037 0.0319 0.8829 0.0617
0.7037 0.0323 0.8839 0.0623
0.7037 0.0326 0.8850 0.0629
0.7037 0.0329 0.8860 0.0635
0.7037 0.0332 0.8870 0.0641
0.7037 0.0336 0.8879 0.0647
0.7037 0.0339 0.8889 0.0653
0.7037 0.0342 0.8898 0.0659
0.7037 0.0346 0.8908 0.0665
0.7037 0.0349 0.8917 0.0671
0.7037 0.0352 0.8926 0.0677
0.7037 0.0355 0.8934 0.0683
0.7037 0.0359 0.8943 0.0689
0.7037 0.0362 0.8952 0.0695
0.7037 0.0365 0.8960 0.0702
0.7037 0.0365 0.8889 0.0701
0.7037 0.0368 0.8898 0.0707
0.7037 0.0372 0.8906 0.0713
0.7037 0.0372 0.8837 0.0713
0.7037 0.0375 0.8846 0.0719
0.7037 0.0375 0.8779 0.0719
0.7037 0.0375 0.8712 0.0719
0.7037 0.0378 0.8722 0.0725
0.7037 0.0378 0.8657 0.0725
0.7037 0.0381 0.8667 0.0731
0.7037 0.0385 0.8676 0.0737
0.7037 0.0388 0.8686 0.0743
0.7037 0.0391 0.8696 0.0749
0.7037 0.0394 0.8705 0.0755
0.7037 0.0394 0.8643 0.0754
0.7037 0.0398 0.8652 0.0760
0.7037 0.0398 0.8592 0.0760
0.7037 0.0401 0.8601 0.0766
0.7037 0.0404 0.8611 0.0772
0.7037 0.0404 0.8552 0.0772
0.7037 0.0407 0.8562 0.0778
0.7037 0.0411 0.8571 0.0784
0.7037 0.0414 0.8581 0.0790
0.7037 0.0417 0.8591 0.0796
0.7037 0.0420 0.8600 0.0802
0.7037 0.0420 0.8543 0.0801
0.7037 0.0424 0.8553 0.0807
0.7037 0.0427 0.8562 0.0813
0.7037 0.0430 0.8571 0.0819
0.7037 0.0434 0.8581 0.0825
0.7037 0.0437 0.8590 0.0831
0.7037 0.0440 0.8599 0.0837
0.7037 0.0443 0.8608 0.0843
0.7037 0.0447 0.8616 0.0849
0.7037 0.0450 0.8625 0.0855
0.7037 0.0453 0.8634 0.0861
0.7037 0.0456 0.8642 0.0867
0.7037 0.0460 0.8650 0.0873
0.7037 0.0463 0.8659 0.0879
0.7037 0.0466 0.8667 0.0885
0.7037 0.0469 0.8675 0.0891
0.7037 0.0473 0.8683 0.0896
0.7037 0.0473 0.8631 0.0896
0.7037 0.0476 0.8639 0.0902
0.7037 0.0479 0.8647 0.0908
0.7037 0.0482 0.8655 0.0914
0.7037 0.0482 0.8605 0.0914
0.7037 0.0486 0.8613 0.0919
0.7037 0.0489 0.8621 0.0925
0.7037 0.0492 0.8629 0.0931
0.7037 0.0495 0.8636 0.0937
0.7037 0.0499 0.8644 0.0943
0.7037 0.0502 0.8652 0.0949
0.7037 0.0505 0.8659 0.0955
0.7037 0.0508 0.8667 0.0961
0.7037 0.0512 0.8674 0.0966
0.7037 0.0515 0.8681 0.0972
0.7037 0.0518 0.8689 0.0978
0.7037 0.0522 0.8696 0.0984
0.7037 0.0525 0.8703 0.0990
0.7037 0.0528 0.8710 0.0996
0.7037 0.0531 0.8717 0.1002
0.7037 0.0535 0.8723 0.1007
0.7037 0.0538 0.8730 0.1013
0.7037 0.0541 0.8737 0.1019
0.7037 0.0544 0.8743 0.1025
0.7037 0.0548 0.8750 0.1031
0.7037 0.0551 0.8756 0.1036
0.7037 0.0551 0.8711 0.1036
0.7037 0.0554 0.8718 0.1042
0.7037 0.0557 0.8724 0.1048
0.7037 0.0561 0.8731 0.1054
0.7037 0.0564 0.8737 0.1059
0.7037 0.0567 0.8744 0.1065
0.7037 0.0570 0.8750 0.1071
0.7037 0.0574 0.8756 0.1077
0.7037 0.0577 0.8762 0.1083
0.7037 0.0580 0.8768 0.1088
0.7037 0.0583 0.8775 0.1094
0.7037 0.0587 0.8780 0.1100
0.7037 0.0590 0.8786 0.1106
0.7037 0.0593 0.8792 0.1111
0.7037 0.0596 0.8798 0.1117
0.7037 0.0600 0.8804 0.1123
0.7037 0.0603 0.8810 0.1129
0.7037 0.0606 0.8815 0.1134
0.7037 0.0610 0.8821 0.1140
0.7037 0.0613 0.8826 0.1146
0.7037 0.0616 0.8832 0.1152
0.7037 0.0619 0.8837 0.1157
0.7037 0.0623 0.8843 0.1163
0.7037 0.0626 0.8848 0.1169
0.7037 0.0629 0.8853 0.1175
0.7037 0.0632 0.8858 0.1180
0.7037 0.0636 0.8864 0.1186
0.7037 0.0639 0.8869 0.1192
0.7037 0.0642 0.8874 0.1198
0.7037 0.0645 0.8879 0.1203
0.7037 0.0649 0.8884 0.1209
0.7037 0.0652 0.8889 0.1215
0.7037 0.0655 0.8894 0.1220
0.7037 0.0658 0.8899 0.1226
0.7037 0.0662 0.8904 0.1232
0.7037 0.0665 0.8908 0.1237
0.7037 0.0668 0.8913 0.1243
0.7037 0.0671 0.8918 0.1249
0.7037 0.0675 0.8922 0.1255
0.7037 0.0678 0.8927 0.1260
0.7037 0.0681 0.8932 0.1266
0.7037 0.0684 0.8936 0.1272
0.7037 0.0688 0.8941 0.1277
0.7037 0.0691 0.8945 0.1283
0.7037 0.0694 0.8950 0.1289
0.7037 0.0698 0.8954 0.1294
0.7037 0.0701 0.8958 0.1300
0.7037 0.0704 0.8963 0.1306
0.7037 0.0707 0.8967 0.1311
0.7037 0.0711 0.8971 0.1317
0.7037 0.0714 0.8975 0.1322
0.7037 0.0717 0.8980 0.1328
0.7037 0.0720 0.8984 0.1334
0.7037 0.0724 0.8988 0.1339
0.7037 0.0727 0.8992 0.1345
0.7037 0.0730 0.8996 0.1351
0.7037 0.0733 0.9000 0.1356
0.7037 0.0737 0.9004 0.1362
0.7037 0.0740 0.9008 0.1367
0.7037 0.0743 0.9012 0.1373
0.7037 0.0746 0.9016 0.1379
0.7037 0.0750 0.9020 0.1384
0.7037 0.0753 0.9023 0.1390
0.7037 0.0756 0.9027 0.1395
0.7037 0.0759 0.9031 0.1401
0.7037 0.0763 0.9035 0.1407
0.7037 0.0766 0.9038 0.1412
0.7037 0.0769 0.9042 0.1418
0.7037 0.0772 0.9046 0.1423
0.7037 0.0776 0.9049 0.1429
0.7037 0.0779 0.9053 0.1435
0.7037 0.0782 0.9057 0.1440
0.7037 0.0786 0.9060 0.1446
0.7037 0.0789 0.9064 0.1451
0.7037 0.0792 0.9067 0.1457
0.7037 0.0795 0.9071 0.1462
0.7037 0.0799 0.9074 0.1468
0.7037 0.0802 0.9077 0.1473
0.7037 0.0805 0.9081 0.1479
0.7037 0.0808 0.9084 0.1485
0.7037 0.0812 0.9088 0.1490
0.7037 0.0815 0.9091 0.1496
0.7037 0.0818 0.9094 0.1501
0.7037 0.0821 0.9097 0.1507
0.7037 0.0825 0.9101 0.1512
0.7037 0.0828 0.9104 0.1518
0.7037 0.0831 0.9107 0.1523
0.7037 0.0834 0.9110 0.1529
0.7037 0.0838 0.9113 0.1534
0.7037 0.0841 0.9117 0.1540
0.7037 0.0844 0.9120 0.1545
0.7037 0.0847 0.9123 0.1551
0.7037 0.0851 0.9126 0.1556
0.7037 0.0854 0.9129 0.1562
0.7037 0.0857 0.9132 0.1567
0.7037 0.0860 0.9135 0.1573
0.7037 0.0864 0.9138 0.1578
0.7037 0.0867 0.9141 0.1584
0.7037 0.0870 0.9144 0.1589
0.7037 0.0874 0.9147 0.1595
0.7037 0.0877 0.9150 0.1600
0.7037 0.0880 0.9153 0.1606
0.7037 0.0883 0.9155 0.1611
0.7037 0.0887 0.9158 0.1617
0.7037 0.0890 0.9161 0.1622
0.7037 0.0893 0.9164 0.1628
0.7037 0.0896 0.9167 0.1633
0.7037 0.0900 0.9169 0.1638
0.7037 0.0903 0.9172 0.1644
0.7037 0.0906 0.9175 0.1649
0.7037 0.0909 0.9178 0.1655
0.7037 0.0909 0.9148 0.1654
0.7037 0.0909 0.9118 0.1654
0.7037 0.0913 0.9121 0.1659
0.7037 0.0913 0.9091 0.1659
0.7037 0.0916 0.9094 0.1664
0.7037 0.0919 0.9097 0.1670
0.7037 0.0922 0.9100 0.1675
0.7037 0.0926 0.9103 0.1680
0.7037 0.0929 0.9105 0.1686
0.7037 0.0932 0.9108 0.1691
0.7037 0.0935 0.9111 0.1697
0.7037 0.0939 0.9114 0.1702
0.7037 0.0942 0.9117 0.1708
0.7037 0.0945 0.9119 0.1713
0.7037 0.0949 0.9122 0.1718
0.7037 0.0952 0.9125 0.1724
0.7037 0.0955 0.9128 0.1729
0.7037 0.0958 0.9130 0.1735
0.7037 0.0962 0.9133 0.1740
0.7037 0.0965 0.9136 0.1745
0.7037 0.0968 0.9138 0.1751
0.7037 0.0971 0.9141 0.1756
0.7037 0.0975 0.9144 0.1761
0.7037 0.0978 0.9146 0.1767
0.7037 0.0981 0.9149 0.1772
0.7037 0.0984 0.9152 0.1778
0.7037 0.0988 0.9154 0.1783
0.7037 0.0991 0.9157 0.1788
0.7037 0.0994 0.9159 0.1794
0.7037 0.0997 0.9162 0.1799
0.7037 0.1001 0.9164 0.1804
0.7037 0.1004 0.9167 0.1810
0.7037 0.1007 0.9169 0.1815
0.7037 0.1010 0.9172 0.1820
0.7037 0.1014 0.9174 0.1826
0.7037 0.1017 0.9176 0.1831
0.7037 0.1020 0.9179 0.1836
0.7037 0.1023 0.9181 0.1842
0.7037 0.1027 0.9184 0.1847
0.7037 0.1030 0.9186 0.1852
0.7037 0.1033 0.9188 0.1858
0.7037 0.1037 0.9191 0.1863
0.7037 0.1040 0.9193 0.1868
0.7037 0.1043 0.9195 0.1874
0.7037 0.1046 0.9198 0.1879
0.7037 0.1050 0.9200 0.1884
0.7037 0.1053 0.9202 0.1889
0.7037 0.1056 0.9205 0.1895
0.7037 0.1056 0.9178 0.1894
0.7037 0.1056 0.9153 0.1894
0.7037 0.1059 0.9155 0.1899
0.7037 0.1063 0.9157 0.1904
0.7037 0.1066 0.9160 0.1909
0.7037 0.1069 0.9162 0.1915
0.7037 0.1072 0.9164 0.1920
0.7037 0.1076 0.9167 0.1925
0.7037 0.1076 0.9141 0.1925
0.7037 0.1079 0.9144 0.1930
0.7037 0.1082 0.9146 0.1935
0.7037 0.1085 0.9148 0.1941
0.7037 0.1089 0.9151 0.1946
0.7037 0.1092 0.9153 0.1951
0.7037 0.1095 0.9155 0.1956
0.7037 0.1098 0.9158 0.1962
0.7037 0.1102 0.9160 0.1967
0.7037 0.1105 0.9162 0.1972
0.7037 0.1108 0.9164 0.1977
0.7037 0.1111 0.9167 0.1983
0.7037 0.1115 0.9169 0.1988
0.7037 0.1118 0.9171 0.1993
0.7037 0.1121 0.9173 0.1998
0.7037 0.1125 0.9176 0.2003
0.7037 0.1128 0.9178 0.2009
0.7037 0.1131 0.9180 0.2014
0.7037 0.1131 0.9156 0.2013
0.7037 0.1134 0.9158 0.2019
0.7037 0.1138 0.9160 0.2024
0.7037 0.1141 0.9162 0.2029
0.7037 0.1141 0.9138 0.2028
0.7037 0.1144 0.9141 0.2034
0.7037 0.1147 0.9143 0.2039
0.7037 0.1151 0.9145 0.2044
0.7037 0.1154 0.9147 0.2049
0.7037 0.1154 0.9124 0.2049
0.7037 0.1157 0.9126 0.2054
0.7037 0.1160 0.9128 0.2059
0.7037 0.1164 0.9130 0.2064
0.7037 0.1167 0.9133 0.2069
0.7037 0.1170 0.9135 0.2075
0.7037 0.1173 0.9137 0.2080
0.7037 0.1177 0.9139 0.2085
0.7037 0.1180 0.9141 0.2090
0.7037 0.1183 0.9144 0.2095
0.7037 0.1186 0.9146 0.2100
0.7037 0.1190 0.9148 0.2106
0.7037 0.1193 0.9150 0.2111
0.7037 0.1196 0.9152 0.2116
0.7037 0.1199 0.9154 0.2121
0.7037 0.1203 0.9156 0.2126
0.7037 0.1206 0.9158 0.2131
0.7037 0.1209 0.9160 0.2136
0.7037 0.1209 0.9138 0.2136
0.7037 0.1213 0.9140 0.2141
0.7037 0.1216 0.9142 0.2146
0.7037 0.1219 0.9144 0.2151
0.7037 0.1222 0.9146 0.2156
0.7037 0.1226 0.9148 0.2162
0.7037 0.1229 0.9150 0.2167
0.7037 0.1232 0.9153 0.2172
0.7037 0.1235 0.9155 0.2177
0.7037 0.1239 0.9157 0.2182
0.7037 0.1242 0.9159 0.2187
0.7037 0.1245 0.9161 0.2192
0.7037 0.1248 0.9163 0.2197
0.7037 0.1252 0.9165 0.2202
0.7037 0.1255 0.9167 0.2208
0.7037 0.1258 0.9169 0.2213
0.7037 0.1261 0.9171 0.2218
0.7037 0.1265 0.9173 0.2223
0.7037 0.1268 0.9175 0.2228
0.7037 0.1271 0.9176 0.2233
0.7037 0.1274 0.9178 0.2238
0.7037 0.1278 0.9180 0.2243
0.7037 0.1281 0.9182 0.2248
0.7037 0.1284 0.9184 0.2253
0.7037 0.1287 0.9186 0.2258
0.7037 0.1291 0.9188 0.2264
0.7037 0.1294 0.9190 0.2269
0.7037 0.1297 0.9192 0.2274
0.7037 0.1301 0.9194 0.2279
0.7037 0.1304 0.9195 0.2284
0.7037 0.1307 0.9197 0.2289
0.7037 0.1310 0.9199 0.2294
0.7037 0.1314 0.9201 0.2299
0.7037 0.1314 0.9180 0.2298
0.7037 0.1317 0.9182 0.2303
0.7037 0.1320 0.9184 0.2308
0.7037 0.1323 0.9186 0.2313
0.7037 0.1327 0.9187 0.2318
0.7037 0.1330 0.9189 0.2323
0.7037 0.1333 0.9191 0.2328
0.7037 0.1336 0.9193 0.2334
0.7037 0.1340 0.9195 0.2339
0.7037 0.1343 0.9196 0.2344
0.7037 0.1343 0.9176 0.2343
0.7037 0.1343 0.9156 0.2342
0.7037 0.1346 0.9157 0.2347
0.7037 0.1349 0.9159 0.2352
0.7037 0.1349 0.9139 0.2352
0.7037 0.1353 0.9141 0.2357
0.7037 0.1356 0.9143 0.2362
0.7037 0.1359 0.9145 0.2367
0.7037 0.1362 0.9147 0.2372
0.7037 0.1366 0.9148 0.2377
0.7037 0.1369 0.9150 0.2382
0.7037 0.1372 0.9152 0.2387
0.7037 0.1372 0.9132 0.2386
0.7037 0.1372 0.9113 0.2385
0.7037 0.1375 0.9114 0.2390
0.7037 0.1379 0.9116 0.2395
0.7037 0.1379 0.9097 0.2395
0.7037 0.1382 0.9099 0.2400
0.7037 0.1385 0.9101 0.2405
0.7037 0.1385 0.9081 0.2404
0.7037 0.1389 0.9083 0.2409
0.7037 0.1389 0.9064 0.2408
0.7037 0.1392 0.9066 0.2413
0.7037 0.1392 0.9047 0.2412
0.7037 0.1395 0.9049 0.2417
0.7037 0.1398 0.9051 0.2422
0.7037 0.1402 0.9053 0.2427
0.7037 0.1405 0.9055 0.2432
0.7037 0.1408 0.9057 0.2437
0.7037 0.1408 0.9038 0.2437
0.7037 0.1411 0.9040 0.2441
0.7037 0.1411 0.9021 0.2441
0.7037 0.1415 0.9023 0.2446
0.7037 0.1415 0.9004 0.2445
0.7037 0.1418 0.9006 0.2450
0.7037 0.1421 0.9008 0.2455
0.7037 0.1424 0.9010 0.2460
0.7037 0.1424 0.8992 0.2459
0.7037 0.1424 0.8973 0.2459
0.7037 0.1428 0.8975 0.2463
0.7037 0.1431 0.8978 0.2468
0.7037 0.1434 0.8980 0.2473
0.7037 0.1437 0.8982 0.2478
0.7037 0.1441 0.8984 0.2483
0.7037 0.1444 0.8986 0.2488
0.7037 0.1447 0.8988 0.2493
0.7037 0.1450 0.8990 0.2498
0.7037 0.1454 0.8992 0.2503
0.7037 0.1457 0.8994 0.2508
0.7037 0.1460 0.8996 0.2513
0.7037 0.1463 0.8998 0.2518
0.7037 0.1467 0.9000 0.2522
0.7037 0.1470 0.9002 0.2527
0.7037 0.1473 0.9004 0.2532
0.7037 0.1477 0.9006 0.2537
0.7037 0.1480 0.9008 0.2542
0.7037 0.1483 0.9010 0.2547
0.7037 0.1486 0.9012 0.2552
0.7037 0.1490 0.9014 0.2557
0.7037 0.1493 0.9016 0.2562
0.7037 0.1496 0.9018 0.2566
0.7037 0.1499 0.9020 0.2571
0.7037 0.1503 0.9022 0.2576
0.7037 0.1506 0.9023 0.2581
0.7037 0.1506 0.9006 0.2580
0.7037 0.1509 0.9008 0.2585
0.7037 0.1512 0.9010 0.2590
0.7037 0.1516 0.9012 0.2595
0.7037 0.1519 0.9014 0.2600
0.7037 0.1522 0.9015 0.2605
0.7037 0.1525 0.9017 0.2609
0.7037 0.1529 0.9019 0.2614
0.7037 0.1532 0.9021 0.2619
0.7037 0.1535 0.9023 0.2624
0.7037 0.1538 0.9025 0.2629
0.7037 0.1542 0.9027 0.2634
0.7037 0.1545 0.9029 0.2638
0.7037 0.1548 0.9030 0.2643
0.7037 0.1551 0.9032 0.2648
0.7037 0.1555 0.9034 0.2653
0.7037 0.1558 0.9036 0.2658
0.7037 0.1561 0.9038 0.2663
0.7037 0.1565 0.9040 0.2667
0.7037 0.1568 0.9041 0.2672
0.7037 0.1571 0.9043 0.2677
0.7037 0.1574 0.9045 0.2682
0.7037 0.1578 0.9047 0.2687
0.7037 0.1581 0.9049 0.2691
0.7037 0.1584 0.9050 0.2696
0.7037 0.1587 0.9052 0.2701
0.7037 0.1587 0.9035 0.2700
0.7037 0.1591 0.9037 0.2705
0.7037 0.1594 0.9039 0.2710
0.7037 0.1594 0.9022 0.2709
0.7037 0.1594 0.9006 0.2708
0.7037 0.1597 0.9007 0.2713
0.7037 0.1600 0.9009 0.2718
0.7037 0.1604 0.9011 0.2723
0.7037 0.1607 0.9013 0.2728
0.7037 0.1610 0.9015 0.2732
0.7037 0.1613 0.9016 0.2737
0.7037 0.1617 0.9018 0.2742
0.7037 0.1620 0.9020 0.2747
0.7037 0.1623 0.9022 0.2751
0.7037 0.1626 0.9024 0.2756
0.7037 0.1630 0.9025 0.2761
0.7037 0.1633 0.9027 0.2766
0.7037 0.1636 0.9029 0.2770
0.7037 0.1640 0.9031 0.2775
0.7037 0.1640 0.9014 0.2774
0.7037 0.1643 0.9016 0.2779
0.7037 0.1646 0.9018 0.2784
0.7037 0.1649 0.9020 0.2789
0.7037 0.1653 0.9021 0.2793
0.7037 0.1656 0.9023 0.2798
0.7037 0.1659 0.9025 0.2803
0.7037 0.1662 0.9027 0.2808
0.7037 0.1666 0.9028 0.2812
0.7037 0.1669 0.9030 0.2817
0.7037 0.1672 0.9032 0.2822
0.7037 0.1675 0.9033 0.2827
0.7037 0.1675 0.9018 0.2826
0.7037 0.1679 0.9019 0.2830
0.7037 0.1682 0.9021 0.2835
0.7037 0.1685 0.9023 0.2840
0.7037 0.1688 0.9024 0.2845
0.7037 0.1692 0.9026 0.2849
0.7037 0.1692 0.9010 0.2849
0.7037 0.1695 0.9012 0.2853
0.7037 0.1698 0.9014 0.2858
0.7037 0.1701 0.9016 0.2863
0.7037 0.1705 0.9017 0.2867
0.7037 0.1708 0.9019 0.2872
0.7037 0.1711 0.9021 0.2877
0.7037 0.1714 0.9022 0.2881
0.7037 0.1714 0.9007 0.2881
0.7037 0.1718 0.9009 0.2885
0.7037 0.1721 0.9010 0.2890
0.7037 0.1724 0.9012 0.2895
0.7037 0.1728 0.9014 0.2899
0.7037 0.1731 0.9015 0.2904
0.7037 0.1731 0.9000 0.2903
0.7037 0.1734 0.9002 0.2908
0.7037 0.1737 0.9003 0.2913
0.7037 0.1737 0.8988 0.2912
0.7037 0.1741 0.8990 0.2916
0.7037 0.1744 0.8992 0.2921
0.7037 0.1747 0.8993 0.2926
0.7037 0.1750 0.8995 0.2930
0.7037 0.1754 0.8997 0.2935
0.7037 0.1757 0.8998 0.2940
0.7037 0.1760 0.9000 0.2944
0.7037 0.1763 0.9002 0.2949
0.7037 0.1767 0.9003 0.2954
0.7037 0.1770 0.9005 0.2958
0.7037 0.1773 0.9007 0.2963
0.7037 0.1776 0.9008 0.2968
0.7037 0.1780 0.9010 0.2972
0.7037 0.1783 0.9012 0.2977
0.7037 0.1786 0.9013 0.2982
0.7037 0.1789 0.9015 0.2986
0.7037 0.1793 0.9016 0.2991
0.7037 0.1796 0.9018 0.2995
0.7037 0.1799 0.9020 0.3000
0.7037 0.1802 0.9021 0.3005
0.7037 0.1806 0.9023 0.3009
0.7037 0.1809 0.9024 0.3014
0.7037 0.1812 0.9026 0.3018
0.7037 0.1816 0.9028 0.3023
0.7037 0.1819 0.9029 0.3028
0.7037 0.1822 0.9031 0.3032
0.7037 0.1825 0.9032 0.3037
0.7037 0.1829 0.9034 0.3041
0.7037 0.1832 0.9035 0.3046
0.7037 0.1835 0.9037 0.3051
0.7037 0.1838 0.9038 0.3055
0.7037 0.1842 0.9040 0.3060
0.7037 0.1842 0.9026 0.3059
0.7037 0.1845 0.9027 0.3064
0.7037 0.1848 0.9029 0.3068
0.7037 0.1851 0.9030 0.3073
0.7037 0.1855 0.9032 0.3077
0.7037 0.1855 0.9017 0.3077
0.7037 0.1858 0.9019 0.3081
0.7037 0.1861 0.9021 0.3086
0.7037 0.1864 0.9022 0.3090
0.7037 0.1868 0.9024 0.3095
0.7037 0.1871 0.9025 0.3099
0.7037 0.1874 0.9027 0.3104
0.7037 0.1877 0.9028 0.3108
0.7037 0.1881 0.9030 0.3113
0.7037 0.1884 0.9031 0.3118
0.7037 0.1887 0.9033 0.3122
0.7037 0.1890 0.9034 0.3127
0.7037 0.1894 0.9036 0.3131
0.7037 0.1897 0.9037 0.3136
0.7037 0.1900 0.9039 0.3140
0.7037 0.1904 0.9040 0.3145
0.7037 0.1907 0.9042 0.3149
0.7037 0.1910 0.9043 0.3154
0.7037 0.1913 0.9045 0.3158
0.7037 0.1917 0.9046 0.3163
0.7037 0.1920 0.9048 0.3168
0.7037 0.1923 0.9049 0.3172
0.7037 0.1926 0.9051 0.3177
0.7037 0.1930 0.9052 0.3181
0.7037 0.1933 0.9053 0.3186
0.7037 0.1936 0.9055 0.3190
0.7037 0.1939 0.9056 0.3195
0.7037 0.1943 0.9058 0.3199
0.7037 0.1946 0.9059 0.3204
0.7037 0.1946 0.9045 0.3203
0.7037 0.1949 0.9047 0.3207
0.7037 0.1952 0.9048 0.3212
0.7037 0.1956 0.9050 0.3216
0.7037 0.1956 0.9036 0.3215
0.7037 0.1956 0.9023 0.3215
0.7037 0.1959 0.9024 0.3219
0.7037 0.1959 0.9010 0.3218
0.7037 0.1959 0.8997 0.3217
0.7037 0.1962 0.8999 0.3222
0.7037 0.1965 0.9000 0.3226
0.7037 0.1969 0.9001 0.3231
0.7037 0.1969 0.8988 0.3230
0.7037 0.1972 0.8990 0.3234
0.7037 0.1975 0.8991 0.3239
0.7037 0.1978 0.8993 0.3243
0.7037 0.1982 0.8994 0.3248
0.7037 0.1985 0.8996 0.3252
0.7037 0.1985 0.8982 0.3251
0.7037 0.1988 0.8984 0.3256
0.7037 0.1992 0.8985 0.3260
0.7037 0.1995 0.8987 0.3265
0.7037 0.1998 0.8988 0.3269
0.7037 0.2001 0.8990 0.3274
0.7037 0.2005 0.8991 0.3278
0.7037 0.2008 0.8993 0.3283
0.7037 0.2011 0.8994 0.3287
0.7037 0.2014 0.8996 0.3292
0.7037 0.2018 0.8997 0.3296
0.7037 0.2021 0.8999 0.3301
0.7037 0.2024 0.9000 0.3305
0.7037 0.2027 0.9001 0.3309
0.7037 0.2031 0.9003 0.3314
0.7037 0.2034 0.9004 0.3318
0.7037 0.2037 0.9006 0.3323
0.7037 0.2040 0.9007 0.3327
0.7037 0.2044 0.9009 0.3332
0.7037 0.2047 0.9010 0.3336
0.7037 0.2050 0.9011 0.3340
0.7037 0.2053 0.9013 0.3345
0.7037 0.2057 0.9014 0.3349
0.7037 0.2060 0.9016 0.3354
0.7037 0.2063 0.9017 0.3358
0.7037 0.2066 0.9018 0.3363
0.7037 0.2070 0.9020 0.3367
0.7037 0.2073 0.9021 0.3371
0.7037 0.2076 0.9023 0.3376
0.7037 0.2080 0.9024 0.3380
0.7037 0.2083 0.9025 0.3385
0.7037 0.2086 0.9027 0.3389
0.7037 0.2086 0.9014 0.3388
0.7037 0.2089 0.9015 0.3392
0.7037 0.2093 0.9017 0.3397
0.7037 0.2093 0.9004 0.3396
0.7037 0.2096 0.9006 0.3400
0.7037 0.2099 0.9007 0.3405
0.7037 0.2102 0.9008 0.3409
0.7037 0.2106 0.9010 0.3413
0.7037 0.2106 0.8997 0.3413
0.7037 0.2109 0.8999 0.3417
0.7037 0.2112 0.9000 0.3421
0.7037 0.2115 0.9001 0.3426
0.7037 0.2119 0.9003 0.3430
0.7037 0.2122 0.9004 0.3434
0.7037 0.2125 0.9006 0.3439
0.7037 0.2128 0.9007 0.3443
0.7037 0.2132 0.9008 0.3448
0.7037 0.2135 0.9010 0.3452
0.7037 0.2138 0.9011 0.3456
0.7037 0.2141 0.9012 0.3461
0.7037 0.2145 0.9014 0.3465
0.7037 0.2148 0.9015 0.3469
0.7037 0.2148 0.9003 0.3468
0.7037 0.2151 0.9004 0.3473
0.7037 0.2154 0.9005 0.3477
0.7037 0.2158 0.9007 0.3481
0.7037 0.2161 0.9008 0.3486
0.7037 0.2164 0.9009 0.3490
0.7037 0.2168 0.9011 0.3494
0.7037 0.2171 0.9012 0.3499
0.7037 0.2174 0.9014 0.3503
0.7037 0.2177 0.9015 0.3507
0.7037 0.2181 0.9016 0.3512
0.7037 0.2184 0.9017 0.3516
0.7037 0.2187 0.9019 0.3520
0.7037 0.2187 0.9007 0.3520
0.7037 0.2190 0.9008 0.3524
0.7037 0.2194 0.9009 0.3528
0.7037 0.2197 0.9011 0.3532
0.7037 0.2200 0.9012 0.3537
0.7037 0.2203 0.9013 0.3541
0.7037 0.2207 0.9015 0.3545
0.7037 0.2210 0.9016 0.3550
0.7037 0.2213 0.9017 0.3554
0.7037 0.2216 0.9019 0.3558
0.7037 0.2220 0.9020 0.3563
0.7037 0.2223 0.9021 0.3567
0.7037 0.2226 0.9022 0.3571
0.7037 0.2229 0.9024 0.3576
0.7037 0.2233 0.9025 0.3580
0.7037 0.2236 0.9026 0.3584
0.7037 0.2239 0.9028 0.3588
0.7037 0.2243 0.9029 0.3593
0.7037 0.2246 0.9030 0.3597
0.7037 0.2249 0.9031 0.3601
0.7037 0.2252 0.9033 0.3606
0.7037 0.2256 0.9034 0.3610
0.7037 0.2259 0.9035 0.3614
0.7037 0.2262 0.9036 0.3618
0.7037 0.2265 0.9038 0.3623
0.7037 0.2269 0.9039 0.3627
0.7037 0.2272 0.9040 0.3631
0.7037 0.2275 0.9041 0.3635
0.7037 0.2278 0.9043 0.3640
0.7037 0.2282 0.9044 0.3644
0.7037 0.2285 0.9045 0.3648
0.7037 0.2288 0.9046 0.3652
0.7037 0.2291 0.9048 0.3657
0.7037 0.2295 0.9049 0.3661
0.7037 0.2298 0.9050 0.3665
0.7037 0.2301 0.9051 0.3669
0.7037 0.2304 0.9052 0.3674
0.7037 0.2308 0.9054 0.3678
0.7037 0.2311 0.9055 0.3682
0.7037 0.2314 0.9056 0.3686
0.7037 0.2317 0.9057 0.3691
0.7037 0.2321 0.9059 0.3695
0.7037 0.2324 0.9060 0.3699
0.7037 0.2327 0.9061 0.3703
0.7037 0.2331 0.9062 0.3708
0.7037 0.2334 0.9063 0.3712
0.7037 0.2337 0.9064 0.3716
0.7037 0.2340 0.9066 0.3720
0.7037 0.2344 0.9067 0.3724
0.7037 0.2347 0.9068 0.3729
0.7037 0.2347 0.9057 0.3728
0.7037 0.2350 0.9058 0.3732
0.7037 0.2353 0.9059 0.3736
0.7037 0.2357 0.9060 0.3740
0.7037 0.2360 0.9061 0.3745
0.7037 0.2363 0.9062 0.3749
0.7037 0.2366 0.9064 0.3753
0.7037 0.2366 0.9052 0.3752
0.7037 0.2370 0.9054 0.3756
0.7037 0.2373 0.9055 0.3760
0.7037 0.2376 0.9056 0.3765
0.7037 0.2379 0.9057 0.3769
0.7037 0.2383 0.9058 0.3773
0.7037 0.2386 0.9059 0.3777
0.7037 0.2389 0.9061 0.3781
0.7037 0.2389 0.9049 0.3780
0.7037 0.2392 0.9051 0.3784
0.7037 0.2396 0.9052 0.3789
0.7037 0.2399 0.9053 0.3793
0.7037 0.2402 0.9054 0.3797
0.7037 0.2405 0.9055 0.3801
0.7037 0.2409 0.9056 0.3805
0.7037 0.2412 0.9058 0.3810
0.7037 0.2415 0.9059 0.3814
0.7037 0.2419 0.9060 0.3818
0.7037 0.2419 0.9049 0.3817
0.7037 0.2422 0.9050 0.3821
0.7037 0.2425 0.9051 0.3825
0.7037 0.2428 0.9052 0.3829
0.7037 0.2432 0.9053 0.3834
0.7037 0.2432 0.9042 0.3833
0.7037 0.2435 0.9044 0.3837
0.7037 0.2438 0.9045 0.3841
0.7037 0.2441 0.9046 0.3845
0.7037 0.2445 0.9047 0.3849
0.7037 0.2448 0.9048 0.3853
0.7037 0.2451 0.9049 0.3857
0.7037 0.2454 0.9050 0.3862
0.7037 0.2458 0.9052 0.3866
0.7037 0.2461 0.9053 0.3870
0.7037 0.2464 0.9054 0.3874
0.7037 0.2467 0.9055 0.3878
0.7037 0.2471 0.9056 0.3882
0.7037 0.2474 0.9057 0.3886
0.7037 0.2477 0.9058 0.3890
0.7037 0.2477 0.9048 0.3889
0.7037 0.2480 0.9049 0.3894
0.7037 0.2484 0.9050 0.3898
0.7037 0.2484 0.9039 0.3897
0.7037 0.2487 0.9040 0.3901
0.7037 0.2490 0.9041 0.3905
0.7037 0.2493 0.9043 0.3909
0.7037 0.2493 0.9032 0.3908
0.7037 0.2493 0.9021 0.3907
0.7037 0.2497 0.9022 0.3911
0.7037 0.2500 0.9024 0.3915
0.7037 0.2503 0.9025 0.3919
0.7037 0.2507 0.9026 0.3923
0.7037 0.2510 0.9027 0.3928
0.7037 0.2513 0.9028 0.3932
0.7037 0.2516 0.9029 0.3936
0.7037 0.2520 0.9030 0.3940
0.7037 0.2523 0.9032 0.3944
0.7037 0.2526 0.9033 0.3948
0.7037 0.2529 0.9034 0.3952
0.7037 0.2529 0.9023 0.3951
0.7037 0.2533 0.9024 0.3955
0.7037 0.2536 0.9026 0.3959
0.7037 0.2539 0.9027 0.3963
0.7037 0.2542 0.9028 0.3967
0.7037 0.2546 0.9029 0.3972
0.7037 0.2549 0.9030 0.3976
0.7037 0.2552 0.9031 0.3980
0.7037 0.2555 0.9032 0.3984
0.7037 0.2555 0.9022 0.3983
0.7037 0.2559 0.9023 0.3987
0.7037 0.2562 0.9024 0.3991
0.7037 0.2565 0.9025 0.3995
0.7037 0.2568 0.9026 0.3999
0.7037 0.2572 0.9027 0.4003
0.7037 0.2575 0.9029 0.4007
0.7037 0.2578 0.9030 0.4011
0.7037 0.2581 0.9031 0.4015
0.7037 0.2585 0.9032 0.4019
0.7037 0.2588 0.9033 0.4023
0.7037 0.2591 0.9034 0.4027
0.7037 0.2595 0.9035 0.4031
0.7037 0.2598 0.9036 0.4035
0.7037 0.2601 0.9037 0.4039
0.7037 0.2604 0.9038 0.4044
0.7037 0.2608 0.9040 0.4048
0.7037 0.2611 0.9041 0.4052
0.7037 0.2614 0.9042 0.4056
0.7037 0.2614 0.9032 0.4055
0.7037 0.2617 0.9033 0.4059
0.7037 0.2621 0.9034 0.4063
0.7037 0.2624 0.9035 0.4067
0.7037 0.2624 0.9025 0.4066
0.7037 0.2627 0.9026 0.4070
0.7037 0.2627 0.9016 0.4069
0.7037 0.2630 0.9017 0.4073
0.7037 0.2634 0.9018 0.4077
0.7037 0.2637 0.9019 0.4081
0.7037 0.2640 0.9020 0.4085
0.7037 0.2643 0.9021 0.4089
0.7037 0.2643 0.9011 0.4088
0.7037 0.2647 0.9012 0.4092
0.7037 0.2650 0.9013 0.4096
0.7037 0.2650 0.9003 0.4095
0.7037 0.2653 0.9004 0.4099
0.7037 0.2656 0.9006 0.4103
0.7037 0.2656 0.8996 0.4102
0.7037 0.2656 0.8986 0.4101
0.7037 0.2660 0.8987 0.4105
0.7037 0.2663 0.8988 0.4109
0.7037 0.2666 0.8989 0.4113
0.7037 0.2669 0.8990 0.4117
0.7037 0.2673 0.8991 0.4121
0.7037 0.2676 0.8992 0.4125
0.7037 0.2679 0.8993 0.4129
0.7037 0.2683 0.8995 0.4133
0.7037 0.2686 0.8996 0.4137
0.7037 0.2689 0.8997 0.4141
0.7037 0.2692 0.8998 0.4145
0.7037 0.2692 0.8988 0.4143
0.7037 0.2696 0.8989 0.4147
0.7037 0.2699 0.8990 0.4151
0.7037 0.2702 0.8991 0.4155
0.7037 0.2702 0.8982 0.4154
0.7037 0.2702 0.8972 0.4153
0.7037 0.2702 0.8962 0.4152
0.7037 0.2705 0.8963 0.4156
0.7037 0.2709 0.8964 0.4160
0.7037 0.2712 0.8966 0.4164
0.7037 0.2715 0.8967 0.4168
0.7037 0.2718 0.8968 0.4172
0.7037 0.2722 0.8969 0.4176
0.7037 0.2725 0.8970 0.4180
0.7037 0.2728 0.8971 0.4184
0.7037 0.2731 0.8972 0.4188
0.7037 0.2735 0.8973 0.4192
0.7037 0.2735 0.8964 0.4191
0.7037 0.2738 0.8965 0.4195
0.7037 0.2741 0.8966 0.4199
0.7037 0.2744 0.8967 0.4203
0.7037 0.2748 0.8968 0.4207
0.7037 0.2751 0.8969 0.4211
0.7037 0.2751 0.8960 0.4209
0.7037 0.2751 0.8950 0.4208
0.7037 0.2754 0.8951 0.4212
0.7037 0.2757 0.8952 0.4216
0.7037 0.2761 0.8953 0.4220
0.7037 0.2764 0.8955 0.4224
0.7037 0.2767 0.8956 0.4228
0.7037 0.2771 0.8957 0.4232
0.7037 0.2774 0.8958 0.4236
0.7037 0.2777 0.8959 0.4240
0.7037 0.2780 0.8960 0.4244
0.7037 0.2784 0.8961 0.4248
0.7037 0.2787 0.8962 0.4252
0.7037 0.2790 0.8963 0.4256
0.7037 0.2793 0.8964 0.4259
0.7037 0.2797 0.8966 0.4263
0.7037 0.2800 0.8967 0.4267
0.7037 0.2803 0.8968 0.4271
0.7037 0.2806 0.8969 0.4275
0.7037 0.2810 0.8970 0.4279
0.7037 0.2813 0.8971 0.4283
0.7037 0.2816 0.8972 0.4287
0.7037 0.2819 0.8973 0.4291
0.7037 0.2823 0.8974 0.4295
0.7037 0.2826 0.8975 0.4298
0.7037 0.2826 0.8966 0.4297
0.7037 0.2829 0.8967 0.4301
0.7037 0.2832 0.8968 0.4305
0.7037 0.2836 0.8969 0.4309
0.7037 0.2839 0.8970 0.4313
0.7037 0.2842 0.8971 0.4317
0.7037 0.2846 0.8972 0.4321
0.7037 0.2849 0.8973 0.4325
0.7037 0.2852 0.8974 0.4328
0.7037 0.2855 0.8975 0.4332
0.7037 0.2859 0.8976 0.4336
0.7037 0.2862 0.8978 0.4340
0.7037 0.2865 0.8979 0.4344
0.7037 0.2868 0.8980 0.4348
0.7037 0.2872 0.8981 0.4352
0.7037 0.2875 0.8982 0.4356
0.7037 0.2875 0.8973 0.4354
0.7037 0.2875 0.8963 0.4353
0.7037 0.2878 0.8964 0.4357
0.7037 0.2881 0.8966 0.4361
0.7037 0.2885 0.8967 0.4365
0.7037 0.2888 0.8968 0.4369
0.7037 0.2891 0.8969 0.4373
0.7037 0.2894 0.8970 0.4377
0.7037 0.2894 0.8961 0.4375
0.7037 0.2898 0.8962 0.4379
0.7037 0.2901 0.8963 0.4383
0.7037 0.2904 0.8964 0.4387
0.7037 0.2907 0.8965 0.4391
0.7037 0.2911 0.8966 0.4395
0.7037 0.2914 0.8967 0.4399
0.7037 0.2917 0.8968 0.4402
0.7037 0.2920 0.8969 0.4406
0.7037 0.2924 0.8970 0.4410
0.7037 0.2927 0.8971 0.4414
0.7037 0.2930 0.8972 0.4418
0.7037 0.2934 0.8973 0.4422
0.7037 0.2937 0.8974 0.4425
0.7037 0.2940 0.8975 0.4429
0.7037 0.2943 0.8976 0.4433
0.7037 0.2947 0.8977 0.4437
0.7037 0.2947 0.8968 0.4436
0.7037 0.2950 0.8969 0.4440
0.7037 0.2950 0.8960 0.4438
0.7037 0.2953 0.8961 0.4442
0.7037 0.2953 0.8953 0.4441
0.7037 0.2956 0.8954 0.4445
0.7037 0.2960 0.8955 0.4449
0.7037 0.2963 0.8956 0.4453
0.7037 0.2963 0.8947 0.4452
0.7037 0.2963 0.8938 0.4450
0.7037 0.2966 0.8939 0.4454
0.7037 0.2969 0.8940 0.4458
0.7037 0.2973 0.8941 0.4462
0.7037 0.2976 0.8942 0.4466
0.7037 0.2979 0.8943 0.4469
0.7037 0.2982 0.8944 0.4473
0.7037 0.2986 0.8945 0.4477
0.7037 0.2989 0.8946 0.4481
0.7037 0.2992 0.8947 0.4485
0.7037 0.2995 0.8948 0.4488
0.7037 0.2999 0.8949 0.4492
0.7037 0.3002 0.8950 0.4496
0.7037 0.3005 0.8951 0.4500
0.7037 0.3008 0.8952 0.4504
0.7037 0.3012 0.8953 0.4507
0.7037 0.3015 0.8955 0.4511
0.7037 0.3018 0.8956 0.4515
0.7037 0.3022 0.8957 0.4519
0.7037 0.3025 0.8958 0.4522
0.7037 0.3025 0.8949 0.4521
0.7037 0.3028 0.8950 0.4525
0.7037 0.3031 0.8951 0.4529
0.7037 0.3035 0.8952 0.4533
0.7037 0.3038 0.8953 0.4536
0.7037 0.3041 0.8954 0.4540
0.7037 0.3044 0.8955 0.4544
0.7037 0.3048 0.8956 0.4548
0.7037 0.3051 0.8957 0.4551
0.7037 0.3054 0.8958 0.4555
0.7037 0.3057 0.8959 0.4559
0.7037 0.3061 0.8960 0.4563
0.7037 0.3064 0.8961 0.4566
0.7037 0.3067 0.8962 0.4570
0.7037 0.3070 0.8963 0.4574
0.7037 0.3074 0.8964 0.4578
0.7037 0.3077 0.8965 0.4581
0.7037 0.3080 0.8966 0.4585
0.7037 0.3083 0.8967 0.4589
0.7037 0.3083 0.8958 0.4588
0.7037 0.3087 0.8959 0.4592
0.7037 0.3090 0.8960 0.4595
0.7037 0.3093 0.8961 0.4599
0.7037 0.3096 0.8962 0.4603
0.7037 0.3100 0.8963 0.4606
0.7037 0.3103 0.8964 0.4610
0.7037 0.3106 0.8965 0.4614
0.7037 0.3110 0.8966 0.4618
0.7037 0.3113 0.8967 0.4621
0.7037 0.3116 0.8968 0.4625
0.7037 0.3119 0.8969 0.4629
0.7037 0.3123 0.8970 0.4632
0.7037 0.3126 0.8971 0.4636
0.7037 0.3129 0.8972 0.4640
0.7037 0.3132 0.8973 0.4644
0.7037 0.3136 0.8974 0.4647
0.7037 0.3139 0.8975 0.4651
0.7037 0.3142 0.8976 0.4655
0.7037 0.3145 0.8977 0.4658
0.7037 0.3149 0.8978 0.4662
0.7037 0.3152 0.8979 0.4666
0.7037 0.3155 0.8980 0.4670
0.7037 0.3158 0.8981 0.4673
0.7037 0.3162 0.8981 0.4677
0.7037 0.3165 0.8982 0.4681
0.7037 0.3168 0.8983 0.4684
0.7037 0.3171 0.8984 0.4688
0.7037 0.3175 0.8985 0.4692
0.7037 0.3178 0.8986 0.4695
0.7037 0.3181 0.8987 0.4699
0.7037 0.3184 0.8988 0.4703
0.7037 0.3188 0.8989 0.4706
0.7037 0.3191 0.8990 0.4710
0.7037 0.3194 0.8991 0.4714
0.7037 0.3198 0.8992 0.4717
0.7037 0.3198 0.8984 0.4716
0.7037 0.3198 0.8975 0.4715
0.7037 0.3198 0.8967 0.4714
0.7037 0.3201 0.8968 0.4718
0.7037 0.3204 0.8969 0.4721
0.7037 0.3207 0.8970 0.4725
0.7037 0.3211 0.8971 0.4729
0.7037 0.3211 0.8963 0.4728
0.7037 0.3214 0.8964 0.4731
0.7037 0.3217 0.8965 0.4735
0.7037 0.3220 0.8966 0.4739
0.7037 0.3224 0.8966 0.4742
0.7037 0.3227 0.8967 0.4746
0.7037 0.3230 0.8968 0.4750
0.7037 0.3233 0.8969 0.4753
0.7037 0.3237 0.8970 0.4757
0.7037 0.3240 0.8971 0.4761
0.7037 0.3243 0.8972 0.4764
0.7037 0.3246 0.8973 0.4768
0.7037 0.3250 0.8974 0.4771
0.7037 0.3253 0.8975 0.4775
0.7037 0.3256 0.8976 0.4779
0.7037 0.3259 0.8977 0.4782
0.7037 0.3263 0.8978 0.4786
0.7037 0.3266 0.8978 0.4790
0.7037 0.3269 0.8979 0.4793
0.7037 0.3272 0.8980 0.4797
0.7037 0.3276 0.8981 0.4801
0.7037 0.3276 0.8973 0.4799
0.7037 0.3276 0.8965 0.4798
0.7037 0.3279 0.8966 0.4802
0.7037 0.3282 0.8967 0.4806
0.7037 0.3286 0.8968 0.4809
0.7037 0.3289 0.8969 0.4813
0.7037 0.3292 0.8970 0.4816
0.7037 0.3292 0.8962 0.4815
0.7037 0.3295 0.8963 0.4819
0.7037 0.3299 0.8964 0.4822
0.7037 0.3302 0.8965 0.4826
0.7037 0.3305 0.8966 0.4830
0.7037 0.3308 0.8966 0.4833
0.7037 0.3312 0.8967 0.4837
0.7037 0.3315 0.8968 0.4841
0.7037 0.3318 0.8969 0.4844
0.7037 0.3321 0.8970 0.4848
0.7037 0.3325 0.8971 0.4851
0.7037 0.3328 0.8972 0.4855
0.7037 0.3331 0.8973 0.4859
0.7037 0.3334 0.8974 0.4862
0.7037 0.3338 0.8975 0.4866
0.7037 0.3341 0.8975 0.4869
0.7037 0.3344 0.8976 0.4873
0.7037 0.3347 0.8977 0.4877
0.7037 0.3351 0.8978 0.4880
0.7037 0.3354 0.8979 0.4884
0.7037 0.3357 0.8980 0.4887
0.7037 0.3360 0.8981 0.4891
0.7037 0.3360 0.8973 0.4890
0.7037 0.3364 0.8974 0.4893
0.7037 0.3367 0.8975 0.4897
0.7037 0.3370 0.8976 0.4900
0.7037 0.3370 0.8968 0.4899
0.7037 0.3374 0.8969 0.4903
0.7037 0.3377 0.8970 0.4906
0.7037 0.3380 0.8971 0.4910
0.7037 0.3383 0.8971 0.4914
0.7037 0.3387 0.8972 0.4917
0.7037 0.3390 0.8973 0.4921
0.7037 0.3393 0.8974 0.4924
0.7037 0.3393 0.8966 0.4923
0.7037 0.3396 0.8967 0.4927
0.7037 0.3396 0.8960 0.4926
0.7037 0.3400 0.8960 0.4929
0.7037 0.3403 0.8961 0.4933
0.7037 0.3406 0.8962 0.4936
0.7037 0.3409 0.8963 0.4940
0.7037 0.3413 0.8964 0.4943
0.7037 0.3413 0.8956 0.4942
0.7037 0.3416 0.8957 0.4946
0.7037 0.3419 0.8958 0.4949
0.7037 0.3422 0.8959 0.4953
0.7037 0.3426 0.8960 0.4956
0.7037 0.3429 0.8961 0.4960
0.7037 0.3432 0.8962 0.4963
0.7037 0.3435 0.8963 0.4967
0.7037 0.3435 0.8955 0.4966
0.7037 0.3439 0.8956 0.4969
0.7037 0.3442 0.8957 0.4973
0.7037 0.3442 0.8949 0.4972
0.7037 0.3445 0.8950 0.4975
0.7037 0.3449 0.8951 0.4979
0.7037 0.3452 0.8952 0.4982
0.7037 0.3455 0.8953 0.4986
0.7037 0.3458 0.8954 0.4989
0.7037 0.3458 0.8946 0.4988
0.7037 0.3462 0.8947 0.4992
0.7037 0.3465 0.8948 0.4995
0.7037 0.3468 0.8949 0.4999
0.7037 0.3471 0.8950 0.5002
0.7037 0.3475 0.8950 0.5006
0.7037 0.3478 0.8951 0.5009
0.7037 0.3481 0.8952 0.5013
0.7037 0.3484 0.8953 0.5016
0.7037 0.3488 0.8954 0.5020
0.7037 0.3491 0.8955 0.5023
0.7037 0.3494 0.8956 0.5027
0.7037 0.3497 0.8957 0.5030
0.7037 0.3501 0.8957 0.5034
0.7037 0.3504 0.8958 0.5037
0.7037 0.3507 0.8959 0.5041
0.7037 0.3510 0.8960 0.5044
0.7037 0.3514 0.8961 0.5048
0.7037 0.3517 0.8962 0.5051
0.7037 0.3520 0.8963 0.5055
0.7037 0.3523 0.8964 0.5058
0.7037 0.3527 0.8964 0.5062
0.7037 0.3530 0.8965 0.5065
0.7037 0.3533 0.8966 0.5069
0.7037 0.3537 0.8967 0.5072
0.7037 0.3540 0.8968 0.5076
0.7037 0.3543 0.8969 0.5079
0.7037 0.3546 0.8969 0.5083
0.7037 0.3550 0.8970 0.5086
0.7037 0.3553 0.8971 0.5090
0.7037 0.3556 0.8972 0.5093
0.7037 0.3559 0.8973 0.5097
0.7037 0.3559 0.8966 0.5096
0.7037 0.3563 0.8966 0.5099
0.7037 0.3566 0.8967 0.5103
0.7037 0.3569 0.8968 0.5106
0.7037 0.3572 0.8969 0.5110
0.7037 0.3576 0.8970 0.5113
0.7037 0.3579 0.8971 0.5116
0.7037 0.3582 0.8971 0.5120
0.7037 0.3585 0.8972 0.5123
0.7037 0.3589 0.8973 0.5127
0.7037 0.3589 0.8966 0.5126
0.7037 0.3592 0.8967 0.5129
0.7037 0.3595 0.8967 0.5133
0.7037 0.3598 0.8968 0.5136
0.7037 0.3602 0.8969 0.5140
0.7037 0.3605 0.8970 0.5143
0.7037 0.3608 0.8971 0.5146
0.7037 0.3611 0.8972 0.5150
0.7037 0.3615 0.8972 0.5153
0.7037 0.3618 0.8973 0.5157
0.7037 0.3621 0.8974 0.5160
0.7037 0.3625 0.8975 0.5164
0.7037 0.3628 0.8976 0.5167
0.7037 0.3631 0.8977 0.5171
0.7037 0.3634 0.8977 0.5174
0.7037 0.3638 0.8978 0.5177
0.7037 0.3638 0.8971 0.5176
0.7037 0.3638 0.8964 0.5175
0.7037 0.3641 0.8965 0.5178
0.7037 0.3644 0.8966 0.5182
0.7037 0.3647 0.8966 0.5185
0.7037 0.3651 0.8967 0.5189
0.7037 0.3654 0.8968 0.5192
0.7037 0.3654 0.8961 0.5191
0.7037 0.3657 0.8962 0.5194
0.7037 0.3660 0.8962 0.5198
0.7037 0.3664 0.8963 0.5201
0.7037 0.3667 0.8964 0.5205
0.7037 0.3670 0.8965 0.5208
0.7037 0.3670 0.8958 0.5207
0.7037 0.3673 0.8959 0.5210
0.7037 0.3677 0.8959 0.5214
0.7037 0.3680 0.8960 0.5217
0.7037 0.3683 0.8961 0.5221
0.7037 0.3686 0.8962 0.5224
0.7037 0.3690 0.8963 0.5227
0.7037 0.3693 0.8964 0.5231
0.7037 0.3696 0.8964 0.5234
0.7037 0.3699 0.8965 0.5238
0.7037 0.3703 0.8966 0.5241
0.7037 0.3706 0.8967 0.5244
0.7037 0.3709 0.8968 0.5248
0.7037 0.3713 0.8969 0.5251
0.7037 0.3716 0.8969 0.5255
0.7037 0.3719 0.8970 0.5258
0.7037 0.3722 0.8971 0.5261
0.7037 0.3726 0.8972 0.5265
0.7037 0.3729 0.8973 0.5268
0.7037 0.3732 0.8973 0.5272
0.7037 0.3735 0.8974 0.5275
0.7037 0.3739 0.8975 0.5278
0.7037 0.3742 0.8976 0.5282
0.7037 0.3745 0.8977 0.5285
0.7037 0.3748 0.8977 0.5289
0.7037 0.3752 0.8978 0.5292
0.7037 0.3755 0.8979 0.5295
0.7037 0.3758 0.8980 0.5299
0.7037 0.3761 0.8981 0.5302
0.7037 0.3765 0.8981 0.5305
0.7037 0.3765 0.8974 0.5304
0.7037 0.3768 0.8975 0.5308
0.7037 0.3771 0.8976 0.5311
0.7037 0.3774 0.8977 0.5314
0.7037 0.3778 0.8978 0.5318
0.7037 0.3781 0.8978 0.5321
0.7037 0.3784 0.8979 0.5324
0.7037 0.3787 0.8980 0.5328
0.7037 0.3791 0.8981 0.5331
0.7037 0.3794 0.8981 0.5335
0.7037 0.3797 0.8982 0.5338
0.7037 0.3801 0.8983 0.5341
0.7037 0.3804 0.8984 0.5345
0.7037 0.3807 0.8985 0.5348
0.7037 0.3810 0.8985 0.5351
0.7037 0.3814 0.8986 0.5355
0.7037 0.3817 0.8987 0.5358
0.7037 0.3817 0.8980 0.5357
0.7037 0.3820 0.8981 0.5360
0.7037 0.3823 0.8982 0.5364
0.7037 0.3827 0.8982 0.5367
0.7037 0.3830 0.8983 0.5370
0.7037 0.3833 0.8984 0.5374
0.7037 0.3833 0.8977 0.5372
0.7037 0.3836 0.8978 0.5376
0.7037 0.3840 0.8979 0.5379
0.7037 0.3840 0.8972 0.5378
0.7037 0.3843 0.8973 0.5381
0.7037 0.3846 0.8973 0.5384
0.7037 0.3849 0.8974 0.5388
0.7037 0.3853 0.8975 0.5391
0.7037 0.3856 0.8976 0.5394
0.7037 0.3856 0.8969 0.5393
0.7037 0.3859 0.8970 0.5397
0.7037 0.3862 0.8970 0.5400
0.7037 0.3866 0.8971 0.5403
0.7037 0.3869 0.8972 0.5407
0.7037 0.3872 0.8973 0.5410
0.7037 0.3875 0.8974 0.5413
0.7037 0.3879 0.8974 0.5416
0.7037 0.3879 0.8968 0.5415
0.7037 0.3882 0.8968 0.5419
0.7037 0.3885 0.8969 0.5422
0.7037 0.3889 0.8970 0.5425
0.7037 0.3892 0.8971 0.5429
0.7037 0.3895 0.8971 0.5432
0.7037 0.3898 0.8972 0.5435
0.7037 0.3902 0.8973 0.5438
0.7037 0.3905 0.8974 0.5442
0.7037 0.3908 0.8975 0.5445
0.7037 0.3911 0.8975 0.5448
0.7037 0.3915 0.8976 0.5452
0.7037 0.3918 0.8977 0.5455
0.7037 0.3918 0.8970 0.5454
0.7037 0.3921 0.8971 0.5457
0.7037 0.3924 0.8972 0.5460
0.7037 0.3928 0.8972 0.5464
0.7037 0.3931 0.8973 0.5467
0.7037 0.3934 0.8974 0.5470
0.7037 0.3937 0.8975 0.5473
0.7037 0.3941 0.8976 0.5477
0.7037 0.3944 0.8976 0.5480
0.7037 0.3947 0.8977 0.5483
0.7037 0.3950 0.8978 0.5487
0.7037 0.3954 0.8979 0.5490
0.7037 0.3957 0.8979 0.5493
0.7037 0.3960 0.8980 0.5496
0.7037 0.3963 0.8981 0.5500
0.7037 0.3967 0.8982 0.5503
0.7037 0.3970 0.8982 0.5506
0.7037 0.3973 0.8983 0.5510
0.7037 0.3977 0.8984 0.5513
0.7037 0.3980 0.8985 0.5516
0.7037 0.3983 0.8985 0.5519
0.7037 0.3983 0.8979 0.5518
0.7037 0.3986 0.8979 0.5521
0.7037 0.3990 0.8980 0.5525
0.7037 0.3993 0.8981 0.5528
0.7037 0.3996 0.8982 0.5531
0.7037 0.3999 0.8982 0.5535
0.7037 0.4003 0.8983 0.5538
0.7037 0.4006 0.8984 0.5541
0.7037 0.4009 0.8985 0.5544
0.7037 0.4012 0.8985 0.5548
0.7037 0.4016 0.8986 0.5551
0.7037 0.4019 0.8987 0.5554
0.7037 0.4022 0.8988 0.5557
0.7037 0.4025 0.8988 0.5561
0.7037 0.4029 0.8989 0.5564
0.7037 0.4032 0.8990 0.5567
0.7037 0.4035 0.8991 0.5570
0.7037 0.4038 0.8991 0.5574
0.7037 0.4042 0.8992 0.5577
0.7037 0.4045 0.8993 0.5580
0.7037 0.4048 0.8993 0.5583
0.7037 0.4051 0.8994 0.5587
0.7037 0.4055 0.8995 0.5590
0.7037 0.4058 0.8996 0.5593
0.7037 0.4061 0.8996 0.5596
0.7037 0.4065 0.8997 0.5599
0.7037 0.4068 0.8998 0.5603
0.7037 0.4071 0.8999 0.5606
0.7037 0.4074 0.8999 0.5609
0.7037 0.4078 0.9000 0.5612
0.7037 0.4081 0.9001 0.5616
0.7037 0.4084 0.9001 0.5619
0.7037 0.4087 0.9002 0.5622
0.7037 0.4091 0.9003 0.5625
0.7037 0.4094 0.9004 0.5629
0.7037 0.4097 0.9004 0.5632
0.7037 0.4100 0.9005 0.5635
0.7037 0.4104 0.9006 0.5638
0.7037 0.4107 0.9006 0.5641
0.7037 0.4110 0.9007 0.5645
0.7037 0.4113 0.9008 0.5648
0.7037 0.4113 0.9001 0.5647
0.7037 0.4113 0.8995 0.5645
0.7037 0.4117 0.8996 0.5648
0.7037 0.4120 0.8996 0.5652
0.7037 0.4123 0.8997 0.5655
0.7037 0.4126 0.8998 0.5658
0.7037 0.4130 0.8999 0.5661
0.7037 0.4133 0.8999 0.5665
0.7037 0.4136 0.9000 0.5668
0.7037 0.4140 0.9001 0.5671
0.7037 0.4143 0.9001 0.5674
0.7037 0.4146 0.9002 0.5677
0.7037 0.4149 0.9003 0.5680
0.7037 0.4153 0.9004 0.5684
0.7037 0.4156 0.9004 0.5687
0.7037 0.4159 0.9005 0.5690
0.7037 0.4162 0.9006 0.5693
0.7037 0.4166 0.9006 0.5696
0.7037 0.4169 0.9007 0.5700
0.7037 0.4172 0.9008 0.5703
0.7037 0.4175 0.9008 0.5706
0.7037 0.4179 0.9009 0.5709
0.7037 0.4182 0.9010 0.5712
0.7037 0.4185 0.9011 0.5716
0.7037 0.4188 0.9011 0.5719
0.7037 0.4192 0.9012 0.5722
0.7037 0.4195 0.9013 0.5725
0.7037 0.4195 0.9006 0.5724
0.7037 0.4198 0.9007 0.5727
0.7037 0.4201 0.9008 0.5730
0.7037 0.4205 0.9008 0.5733
0.7037 0.4205 0.9002 0.5732
0.7037 0.4208 0.9003 0.5735
0.7037 0.4211 0.9003 0.5738
0.7037 0.4214 0.9004 0.5742
0.7037 0.4218 0.9005 0.5745
0.7037 0.4221 0.9006 0.5748
0.7037 0.4224 0.9006 0.5751
0.7037 0.4224 0.9000 0.5750
0.7037 0.4228 0.9001 0.5753
0.7037 0.4228 0.8994 0.5752
0.7037 0.4228 0.8988 0.5750
0.7037 0.4231 0.8989 0.5754
0.7037 0.4231 0.8983 0.5752
0.7037 0.4234 0.8983 0.5755
0.7037 0.4234 0.8977 0.5754
0.7037 0.4237 0.8978 0.5757
0.7037 0.4241 0.8979 0.5760
0.7037 0.4244 0.8979 0.5764
0.7037 0.4247 0.8980 0.5767
0.7037 0.4250 0.8981 0.5770
0.7037 0.4254 0.8981 0.5773
0.7037 0.4257 0.8982 0.5776
0.7037 0.4260 0.8983 0.5779
0.7037 0.4260 0.8977 0.5778
0.7037 0.4260 0.8970 0.5777
0.7037 0.4260 0.8964 0.5776
0.7037 0.4260 0.8958 0.5774
0.7037 0.4260 0.8952 0.5773
0.7037 0.4263 0.8953 0.5776
0.7037 0.4263 0.8947 0.5775
0.7037 0.4267 0.8947 0.5778
0.7037 0.4270 0.8948 0.5781
0.7037 0.4273 0.8949 0.5784
0.7037 0.4276 0.8950 0.5787
0.7037 0.4280 0.8950 0.5791
0.7037 0.4280 0.8944 0.5789
0.7037 0.4283 0.8945 0.5792
0.7037 0.4286 0.8946 0.5796
0.7037 0.4289 0.8946 0.5799
0.7037 0.4289 0.8940 0.5797
0.7037 0.4293 0.8941 0.5800
0.7037 0.4296 0.8942 0.5804
0.7037 0.4299 0.8942 0.5807
0.7037 0.4302 0.8943 0.5810
0.7037 0.4306 0.8944 0.5813
0.7037 0.4309 0.8945 0.5816
0.7037 0.4312 0.8945 0.5819
0.7037 0.4316 0.8946 0.5822
0.7037 0.4319 0.8947 0.5825
0.7037 0.4322 0.8947 0.5829
0.7037 0.4325 0.8948 0.5832
0.7037 0.4329 0.8949 0.5835
0.7037 0.4332 0.8949 0.5838
0.7037 0.4335 0.8950 0.5841
0.7037 0.4338 0.8951 0.5844
0.7037 0.4342 0.8952 0.5847
0.7037 0.4345 0.8952 0.5850
0.7037 0.4348 0.8953 0.5853
0.7037 0.4348 0.8947 0.5852
0.7037 0.4351 0.8948 0.5855
0.7037 0.4355 0.8948 0.5858
0.7037 0.4358 0.8949 0.5861
0.7037 0.4361 0.8950 0.5865
0.7037 0.4364 0.8951 0.5868
0.7037 0.4368 0.8951 0.5871
0.7037 0.4368 0.8945 0.5869
0.7037 0.4368 0.8939 0.5868
0.7037 0.4371 0.8940 0.5871
0.7037 0.4374 0.8941 0.5874
0.7037 0.4377 0.8941 0.5877
0.7037 0.4381 0.8942 0.5881
0.7037 0.4384 0.8943 0.5884
0.7037 0.4384 0.8937 0.5882
0.7037 0.4387 0.8938 0.5885
0.7037 0.4390 0.8938 0.5889
0.7037 0.4394 0.8939 0.5892
0.7037 0.4397 0.8940 0.5895
0.7037 0.4400 0.8940 0.5898
0.7037 0.4404 0.8941 0.5901
0.7037 0.4407 0.8942 0.5904
0.7037 0.4410 0.8942 0.5907
0.7037 0.4413 0.8943 0.5910
0.7037 0.4417 0.8944 0.5913
0.7037 0.4420 0.8945 0.5916
0.7037 0.4423 0.8945 0.5919
0.7037 0.4426 0.8946 0.5922
0.7037 0.4430 0.8947 0.5925
0.7037 0.4433 0.8947 0.5929
0.7037 0.4436 0.8948 0.5932
0.7037 0.4439 0.8949 0.5935
0.7037 0.4443 0.8949 0.5938
0.7037 0.4446 0.8950 0.5941
0.7037 0.4449 0.8951 0.5944
0.7037 0.4452 0.8952 0.5947
0.7037 0.4456 0.8952 0.5950
0.7037 0.4459 0.8953 0.5953
0.7037 0.4462 0.8954 0.5956
0.7037 0.4465 0.8954 0.5959
0.7037 0.4469 0.8955 0.5962
0.7037 0.4472 0.8956 0.5965
0.7037 0.4475 0.8956 0.5968
0.7037 0.4478 0.8957 0.5971
0.7037 0.4482 0.8958 0.5974
0.7037 0.4485 0.8958 0.5977
0.7037 0.4488 0.8959 0.5980
0.7037 0.4492 0.8960 0.5983
0.7037 0.4495 0.8960 0.5987
0.7037 0.4498 0.8961 0.5990
0.7037 0.4501 0.8962 0.5993
0.7037 0.4505 0.8962 0.5996
0.7037 0.4508 0.8963 0.5999
0.7037 0.4508 0.8957 0.5997
0.7037 0.4511 0.8958 0.6000
0.7037 0.4511 0.8952 0.5999
0.7037 0.4514 0.8953 0.6002
0.7037 0.4518 0.8953 0.6005
0.7037 0.4521 0.8954 0.6008
0.7037 0.4524 0.8955 0.6011
0.7037 0.4527 0.8956 0.6014
0.7037 0.4531 0.8956 0.6017
0.7037 0.4534 0.8957 0.6020
0.7037 0.4537 0.8958 0.6023
0.7037 0.4540 0.8958 0.6026
0.7037 0.4544 0.8959 0.6029
0.7037 0.4547 0.8960 0.6032
0.7037 0.4550 0.8960 0.6035
0.7037 0.4553 0.8961 0.6038
0.7037 0.4557 0.8962 0.6041
0.7037 0.4560 0.8962 0.6045
0.7037 0.4560 0.8956 0.6043
0.7037 0.4560 0.8951 0.6042
0.7037 0.4560 0.8945 0.6041
0.7037 0.4560 0.8939 0.6039
0.7037 0.4563 0.8940 0.6042
0.7037 0.4566 0.8941 0.6045
0.7037 0.4570 0.8941 0.6048
0.7037 0.4573 0.8942 0.6051
0.7037 0.4576 0.8943 0.6054
0.7037 0.4580 0.8943 0.6057
0.7037 0.4583 0.8944 0.6060
0.7037 0.4586 0.8945 0.6063
0.7037 0.4589 0.8945 0.6066
0.7037 0.4589 0.8940 0.6065
0.7037 0.4589 0.8934 0.6064
0.7037 0.4593 0.8935 0.6067
0.7037 0.4596 0.8935 0.6070
0.7037 0.4599 0.8936 0.6073
0.7037 0.4602 0.8937 0.6076
0.7037 0.4602 0.8931 0.6074
0.7037 0.4606 0.8932 0.6077
0.7037 0.4609 0.8932 0.6080
0.7037 0.4612 0.8933 0.6083
0.7037 0.4615 0.8934 0.6086
0.7037 0.4619 0.8934 0.6089
0.7037 0.4622 0.8935 0.6092
0.7037 0.4625 0.8936 0.6095
0.7037 0.4628 0.8936 0.6098
0.7037 0.4632 0.8937 0.6101
0.7037 0.4632 0.8931 0.6100
0.7037 0.4635 0.8932 0.6103
0.7037 0.4638 0.8933 0.6106
0.7037 0.4641 0.8934 0.6109
0.7037 0.4645 0.8934 0.6112
0.7037 0.4648 0.8935 0.6115
0.7037 0.4651 0.8936 0.6118
0.7037 0.4654 0.8936 0.6121
0.7037 0.4658 0.8937 0.6124
0.7037 0.4661 0.8938 0.6127
0.7037 0.4661 0.8932 0.6126
0.7037 0.4664 0.8933 0.6128
0.7037 0.4664 0.8927 0.6127
0.7037 0.4668 0.8928 0.6130
0.7037 0.4671 0.8928 0.6133
0.7037 0.4674 0.8929 0.6136
0.7037 0.4677 0.8930 0.6139
0.7037 0.4681 0.8930 0.6142
0.7037 0.4684 0.8931 0.6145
0.7037 0.4684 0.8925 0.6144
0.7037 0.4687 0.8926 0.6147
0.7037 0.4690 0.8927 0.6150
0.7037 0.4694 0.8927 0.6153
0.7037 0.4694 0.8922 0.6151
0.7037 0.4697 0.8923 0.6154
0.7037 0.4700 0.8923 0.6157
0.7037 0.4703 0.8924 0.6160
0.7037 0.4707 0.8925 0.6163
0.7037 0.4710 0.8925 0.6166
0.7037 0.4713 0.8926 0.6169
0.7037 0.4713 0.8920 0.6168
0.7037 0.4716 0.8921 0.6171
0.7037 0.4720 0.8922 0.6174
0.7037 0.4723 0.8922 0.6176
0.7037 0.4726 0.8923 0.6179
0.7037 0.4729 0.8924 0.6182
0.7037 0.4733 0.8924 0.6185
0.7037 0.4736 0.8925 0.6188
0.7037 0.4739 0.8926 0.6191
0.7037 0.4743 0.8926 0.6194
0.7037 0.4746 0.8927 0.6197
0.7037 0.4749 0.8928 0.6200
0.7037 0.4752 0.8928 0.6203
0.7037 0.4756 0.8929 0.6206
0.7037 0.4759 0.8930 0.6209
0.7037 0.4762 0.8930 0.6212
0.7037 0.4765 0.8931 0.6215
0.7037 0.4769 0.8932 0.6218
0.7037 0.4772 0.8932 0.6221
0.7037 0.4775 0.8933 0.6223
0.7037 0.4778 0.8934 0.6226
0.7037 0.4782 0.8934 0.6229
0.7037 0.4785 0.8935 0.6232
0.7037 0.4788 0.8936 0.6235
0.7037 0.4791 0.8936 0.6238
0.7037 0.4795 0.8937 0.6241
0.7037 0.4795 0.8931 0.6240
0.7037 0.4798 0.8932 0.6243
0.7037 0.4801 0.8933 0.6245
0.7037 0.4804 0.8933 0.6248
0.7037 0.4808 0.8934 0.6251
0.7037 0.4811 0.8935 0.6254
0.7037 0.4814 0.8935 0.6257
0.7037 0.4817 0.8936 0.6260
0.7037 0.4821 0.8937 0.6263
0.7037 0.4824 0.8937 0.6266
0.7037 0.4827 0.8938 0.6269
0.7037 0.4831 0.8938 0.6272
0.7037 0.4834 0.8939 0.6275
0.7037 0.4837 0.8940 0.6277
0.7037 0.4840 0.8940 0.6280
0.7037 0.4844 0.8941 0.6283
0.7037 0.4847 0.8942 0.6286
0.7037 0.4850 0.8942 0.6289
0.7037 0.4853 0.8943 0.6292
0.7037 0.4857 0.8944 0.6295
0.7037 0.4857 0.8938 0.6294
0.7037 0.4860 0.8939 0.6296
0.7037 0.4860 0.8933 0.6295
0.7037 0.4860 0.8928 0.6294
0.7037 0.4860 0.8923 0.6292
0.7037 0.4863 0.8923 0.6295
0.7037 0.4866 0.8924 0.6298
0.7037 0.4870 0.8925 0.6301
0.7037 0.4873 0.8925 0.6304
0.7037 0.4876 0.8926 0.6307
0.7037 0.4879 0.8927 0.6310
0.7037 0.4883 0.8927 0.6313
0.7037 0.4886 0.8928 0.6316
0.7037 0.4889 0.8929 0.6318
0.7037 0.4889 0.8923 0.6317
0.7037 0.4892 0.8924 0.6320
0.7037 0.4896 0.8925 0.6323
0.7037 0.4899 0.8925 0.6326
0.7037 0.4902 0.8926 0.6329
0.7037 0.4905 0.8926 0.6332
0.7037 0.4909 0.8927 0.6334
0.7037 0.4912 0.8928 0.6337
0.7037 0.4915 0.8928 0.6340
0.7037 0.4919 0.8929 0.6343
0.7037 0.4922 0.8930 0.6346
0.7037 0.4925 0.8930 0.6349
0.7037 0.4928 0.8931 0.6352
0.7037 0.4932 0.8932 0.6354
0.7037 0.4935 0.8932 0.6357
0.7037 0.4938 0.8933 0.6360
0.7037 0.4941 0.8933 0.6363
0.7037 0.4945 0.8934 0.6366
0.7037 0.4948 0.8935 0.6369
0.7037 0.4951 0.8935 0.6372
0.7037 0.4951 0.8930 0.6370
0.7037 0.4954 0.8931 0.6373
0.7037 0.4958 0.8931 0.6376
0.7037 0.4961 0.8932 0.6379
0.7037 0.4964 0.8933 0.6382
0.7037 0.4967 0.8933 0.6385
0.7037 0.4971 0.8934 0.6387
0.7037 0.4974 0.8934 0.6390
0.7037 0.4974 0.8929 0.6389
0.7037 0.4977 0.8930 0.6392
0.7037 0.4980 0.8930 0.6395
0.7037 0.4980 0.8925 0.6393
0.7037 0.4984 0.8926 0.6396
0.7037 0.4987 0.8926 0.6399
0.7037 0.4990 0.8927 0.6402
0.7037 0.4993 0.8928 0.6405
0.7037 0.4997 0.8928 0.6408
0.7037 0.5000 0.8929 0.6410
0.7037 0.5003 0.8930 0.6413
0.7037 0.5007 0.8930 0.6416
0.7037 0.5007 0.8925 0.6415
0.7037 0.5010 0.8926 0.6418
0.7037 0.5013 0.8926 0.6420
0.7037 0.5016 0.8927 0.6423
0.7037 0.5020 0.8928 0.6426
0.7037 0.5023 0.8928 0.6429
0.7037 0.5026 0.8929 0.6432
0.7037 0.5029 0.8929 0.6435
0.7037 0.5033 0.8930 0.6437
0.7037 0.5036 0.8931 0.6440
0.7037 0.5039 0.8931 0.6443
0.7037 0.5042 0.8932 0.6446
0.7037 0.5046 0.8932 0.6449
0.7037 0.5049 0.8933 0.6451
0.7037 0.5052 0.8934 0.6454
0.7037 0.5055 0.8934 0.6457
0.7037 0.5059 0.8935 0.6460
0.7037 0.5062 0.8936 0.6463
0.7037 0.5065 0.8936 0.6466
0.7037 0.5068 0.8937 0.6468
0.7037 0.5072 0.8937 0.6471
0.7037 0.5075 0.8938 0.6474
0.7037 0.5078 0.8939 0.6477
0.7037 0.5081 0.8939 0.6480
0.7037 0.5081 0.8934 0.6478
0.7037 0.5085 0.8935 0.6481
0.7037 0.5088 0.8935 0.6484
0.7037 0.5091 0.8936 0.6487
0.7037 0.5091 0.8931 0.6485
0.7037 0.5095 0.8931 0.6488
0.7037 0.5098 0.8932 0.6491
0.7037 0.5101 0.8933 0.6494
0.7037 0.5104 0.8933 0.6497
0.7037 0.5108 0.8934 0.6499
0.7037 0.5111 0.8934 0.6502
0.7037 0.5114 0.8935 0.6505
0.7037 0.5114 0.8930 0.6504
0.7037 0.5117 0.8931 0.6506
0.7037 0.5121 0.8931 0.6509
0.7037 0.5124 0.8932 0.6512
0.7037 0.5127 0.8932 0.6515
0.7037 0.5130 0.8933 0.6518
0.7037 0.5134 0.8934 0.6520
0.7037 0.5137 0.8934 0.6523
0.7037 0.5140 0.8935 0.6526
0.7037 0.5143 0.8935 0.6529
0.7037 0.5147 0.8936 0.6532
0.7037 0.5150 0.8937 0.6534
0.7037 0.5153 0.8937 0.6537
0.7037 0.5156 0.8938 0.6540
0.7037 0.5160 0.8938 0.6543
0.7037 0.5163 0.8939 0.6545
0.7037 0.5166 0.8940 0.6548
0.7037 0.5169 0.8940 0.6551
0.7037 0.5173 0.8941 0.6554
0.7037 0.5176 0.8941 0.6557
0.7037 0.5179 0.8942 0.6559
0.7037 0.5183 0.8943 0.6562
0.7037 0.5186 0.8943 0.6565
0.7037 0.5186 0.8938 0.6564
0.7037 0.5189 0.8939 0.6566
0.7037 0.5192 0.8939 0.6569
0.7037 0.5196 0.8940 0.6572
0.7037 0.5199 0.8941 0.6575
0.7037 0.5202 0.8941 0.6577
0.7037 0.5205 0.8942 0.6580
0.7037 0.5205 0.8937 0.6579
0.7037 0.5209 0.8937 0.6582
0.7037 0.5212 0.8938 0.6584
0.7037 0.5215 0.8939 0.6587
0.7037 0.5218 0.8939 0.6590
0.7037 0.5222 0.8940 0.6593
0.7037 0.5225 0.8940 0.6595
0.7037 0.5228 0.8941 0.6598
0.7037 0.5231 0.8942 0.6601
0.7037 0.5235 0.8942 0.6604
0.7037 0.5238 0.8943 0.6606
0.7037 0.5241 0.8943 0.6609
0.7037 0.5244 0.8944 0.6612
0.7037 0.5248 0.8944 0.6615
0.7037 0.5251 0.8945 0.6617
0.7037 0.5254 0.8946 0.6620
0.7037 0.5257 0.8946 0.6623
0.7037 0.5261 0.8947 0.6626
0.7037 0.5264 0.8947 0.6628
0.7037 0.5267 0.8948 0.6631
0.7037 0.5271 0.8949 0.6634
0.7037 0.5274 0.8949 0.6637
0.7037 0.5277 0.8950 0.6639
0.7037 0.5280 0.8950 0.6642
0.7037 0.5284 0.8951 0.6645
0.7037 0.5287 0.8951 0.6648
0.7037 0.5287 0.8946 0.6646
0.7037 0.5290 0.8947 0.6649
0.7037 0.5293 0.8948 0.6652
0.7037 0.5293 0.8943 0.6650
0.7037 0.5297 0.8943 0.6653
0.7037 0.5300 0.8944 0.6656
0.7037 0.5303 0.8944 0.6658
0.7037 0.5303 0.8940 0.6657
0.7037 0.5306 0.8940 0.6660
0.7037 0.5306 0.8935 0.6658
0.7037 0.5310 0.8936 0.6661
0.7037 0.5313 0.8936 0.6664
0.7037 0.5316 0.8937 0.6667
0.7037 0.5319 0.8938 0.6669
0.7037 0.5323 0.8938 0.6672
0.7037 0.5326 0.8939 0.6675
0.7037 0.5329 0.8939 0.6678
0.7037 0.5329 0.8934 0.6676
0.7037 0.5329 0.8930 0.6675
0.7037 0.5332 0.8930 0.6678
0.7037 0.5336 0.8931 0.6680
0.7037 0.5339 0.8931 0.6683
0.7037 0.5342 0.8932 0.6686
0.7037 0.5346 0.8932 0.6688
0.7037 0.5349 0.8933 0.6691
0.7037 0.5349 0.8928 0.6690
0.7037 0.5352 0.8929 0.6692
0.7037 0.5355 0.8929 0.6695
0.7037 0.5359 0.8930 0.6698
0.7037 0.5362 0.8931 0.6701
0.7037 0.5365 0.8931 0.6703
0.7037 0.5368 0.8932 0.6706
0.7037 0.5368 0.8927 0.6705
0.7037 0.5368 0.8922 0.6703
0.7037 0.5372 0.8923 0.6706
0.7037 0.5375 0.8923 0.6709
0.7037 0.5378 0.8924 0.6711
0.7037 0.5381 0.8924 0.6714
0.7037 0.5385 0.8925 0.6717
0.7037 0.5388 0.8925 0.6720
0.7037 0.5391 0.8926 0.6722
0.7037 0.5394 0.8927 0.6725
0.7037 0.5398 0.8927 0.6728
0.7037 0.5401 0.8928 0.6730
0.7037 0.5404 0.8928 0.6733
0.7037 0.5407 0.8929 0.6736
0.7037 0.5411 0.8930 0.6738
0.7037 0.5414 0.8930 0.6741
0.7037 0.5417 0.8931 0.6744
0.7037 0.5420 0.8931 0.6746
0.7037 0.5424 0.8932 0.6749
0.7037 0.5427 0.8932 0.6752
0.7037 0.5430 0.8933 0.6755
0.7037 0.5434 0.8934 0.6757
0.7037 0.5437 0.8934 0.6760
0.7037 0.5440 0.8935 0.6763
0.7037 0.5443 0.8935 0.6765
0.7037 0.5447 0.8936 0.6768
0.7037 0.5450 0.8936 0.6771
0.7037 0.5453 0.8937 0.6773
0.7037 0.5456 0.8938 0.6776
0.7037 0.5460 0.8938 0.6779
0.7037 0.5463 0.8939 0.6781
0.7037 0.5466 0.8939 0.6784
0.7037 0.5469 0.8940 0.6787
0.7037 0.5473 0.8940 0.6789
0.7037 0.5476 0.8941 0.6792
0.7037 0.5479 0.8941 0.6795
0.7037 0.5482 0.8942 0.6797
0.7037 0.5486 0.8943 0.6800
0.7037 0.5489 0.8943 0.6803
0.7037 0.5492 0.8944 0.6805
0.7037 0.5495 0.8944 0.6808
0.7037 0.5499 0.8945 0.6811
0.7037 0.5502 0.8945 0.6813
0.7037 0.5505 0.8946 0.6816
0.7037 0.5508 0.8947 0.6819
0.7037 0.5512 0.8947 0.6821
0.7037 0.5515 0.8948 0.6824
0.7037 0.5518 0.8948 0.6827
0.7037 0.5522 0.8949 0.6829
0.7037 0.5525 0.8949 0.6832
0.7037 0.5528 0.8950 0.6835
0.7037 0.5528 0.8945 0.6833
0.7037 0.5531 0.8946 0.6836
0.7037 0.5535 0.8946 0.6839
0.7037 0.5538 0.8947 0.6841
0.7037 0.5541 0.8947 0.6844
0.7037 0.5544 0.8948 0.6846
0.7037 0.5548 0.8948 0.6849
0.7037 0.5551 0.8949 0.6852
0.7037 0.5554 0.8950 0.6854
0.7037 0.5557 0.8950 0.6857
0.7037 0.5561 0.8951 0.6860
0.7037 0.5564 0.8951 0.6862
0.7037 0.5567 0.8952 0.6865
0.7037 0.5570 0.8952 0.6868
0.7037 0.5574 0.8953 0.6870
0.7037 0.5574 0.8948 0.6869
0.7037 0.5577 0.8949 0.6871
0.7037 0.5580 0.8949 0.6874
0.7037 0.5583 0.8950 0.6877
0.7037 0.5587 0.8950 0.6879
0.7037 0.5590 0.8951 0.6882
0.7037 0.5590 0.8946 0.6881
0.7037 0.5593 0.8947 0.6883
0.7037 0.5596 0.8947 0.6886
0.7037 0.5600 0.8948 0.6889
0.7037 0.5600 0.8943 0.6887
0.7037 0.5603 0.8944 0.6890
0.7037 0.5603 0.8939 0.6888
0.7037 0.5606 0.8940 0.6891
0.7037 0.5606 0.8935 0.6890
0.7037 0.5610 0.8936 0.6892
0.7037 0.5613 0.8936 0.6895
0.7037 0.5616 0.8937 0.6898
0.7037 0.5619 0.8937 0.6900
0.7037 0.5623 0.8938 0.6903
0.7037 0.5626 0.8938 0.6905
0.7037 0.5629 0.8939 0.6908
0.7037 0.5632 0.8939 0.6911
0.7037 0.5636 0.8940 0.6913
0.7037 0.5639 0.8941 0.6916
0.7037 0.5642 0.8941 0.6918
0.7037 0.5645 0.8942 0.6921
0.7037 0.5649 0.8942 0.6924
0.7037 0.5652 0.8943 0.6926
0.7037 0.5655 0.8943 0.6929
0.7037 0.5658 0.8944 0.6932
0.7037 0.5662 0.8944 0.6934
0.7037 0.5665 0.8945 0.6937
0.7037 0.5668 0.8945 0.6939
0.7037 0.5671 0.8946 0.6942
0.7037 0.5675 0.8947 0.6945
0.7037 0.5678 0.8947 0.6947
0.7037 0.5681 0.8948 0.6950
0.7037 0.5684 0.8948 0.6952
0.7037 0.5688 0.8949 0.6955
0.7037 0.5691 0.8949 0.6958
0.7037 0.5694 0.8950 0.6960
0.7037 0.5698 0.8950 0.6963
0.7037 0.5701 0.8951 0.6965
0.7037 0.5704 0.8951 0.6968
0.7037 0.5707 0.8952 0.6971
0.7037 0.5711 0.8952 0.6973
0.7037 0.5714 0.8953 0.6976
0.7037 0.5717 0.8954 0.6978
0.7037 0.5717 0.8949 0.6977
0.7037 0.5720 0.8950 0.6980
0.7037 0.5724 0.8950 0.6982
0.7037 0.5727 0.8951 0.6985
0.7037 0.5730 0.8951 0.6987
0.7037 0.5733 0.8952 0.6990
0.7037 0.5737 0.8952 0.6992
0.7037 0.5740 0.8953 0.6995
0.7037 0.5743 0.8953 0.6998
0.7037 0.5746 0.8954 0.7000
0.7037 0.5750 0.8954 0.7003
0.7037 0.5753 0.8955 0.7005
0.7037 0.5756 0.8955 0.7008
0.7037 0.5759 0.8956 0.7011
0.7037 0.5763 0.8956 0.7013
0.7037 0.5766 0.8957 0.7016
0.7037 0.5769 0.8957 0.7018
0.7037 0.5769 0.8953 0.7017
0.7037 0.5772 0.8953 0.7019
0.7037 0.5776 0.8954 0.7022
0.7037 0.5779 0.8955 0.7025
0.7037 0.5782 0.8955 0.7027
0.7037 0.5786 0.8956 0.7030
0.7037 0.5789 0.8956 0.7032
0.7037 0.5792 0.8957 0.7035
0.7037 0.5795 0.8957 0.7037
0.7037 0.5799 0.8958 0.7040
0.7037 0.5802 0.8958 0.7043
0.7037 0.5805 0.8959 0.7045
0.7037 0.5808 0.8959 0.7048
0.7037 0.5812 0.8960 0.7050
0.7037 0.5812 0.8955 0.7049
0.7037 0.5815 0.8956 0.7051
0.7037 0.5818 0.8956 0.7054
0.7037 0.5821 0.8957 0.7056
0.7037 0.5825 0.8957 0.7059
0.7037 0.5828 0.8958 0.7062
0.7037 0.5831 0.8958 0.7064
0.7037 0.5834 0.8959 0.7067
0.7037 0.5838 0.8959 0.7069
0.7037 0.5841 0.8960 0.7072
0.7037 0.5844 0.8961 0.7074
0.7037 0.5847 0.8961 0.7077
0.7037 0.5851 0.8962 0.7079
0.7037 0.5854 0.8962 0.7082
0.7037 0.5857 0.8963 0.7085
0.7037 0.5860 0.8963 0.7087
0.7037 0.5864 0.8964 0.7090
0.7037 0.5867 0.8964 0.7092
0.7037 0.5870 0.8965 0.7095
0.7037 0.5874 0.8965 0.7097
0.7037 0.5877 0.8966 0.7100
0.7037 0.5880 0.8966 0.7102
0.7037 0.5883 0.8967 0.7105
0.7037 0.5887 0.8967 0.7107
0.7037 0.5890 0.8968 0.7110
0.7037 0.5893 0.8968 0.7113
0.7037 0.5893 0.8964 0.7111
0.7037 0.5893 0.8959 0.7110
0.7037 0.5896 0.8960 0.7112
0.7037 0.5900 0.8960 0.7115
0.7037 0.5903 0.8961 0.7117
0.7037 0.5906 0.8961 0.7120
0.7037 0.5909 0.8962 0.7122
0.7037 0.5909 0.8958 0.7121
0.7037 0.5909 0.8953 0.7120
0.7037 0.5913 0.8954 0.7122
0.7037 0.5916 0.8954 0.7125
0.7037 0.5919 0.8955 0.7127
0.7037 0.5919 0.8950 0.7126
0.7037 0.5922 0.8951 0.7128
0.7037 0.5922 0.8946 0.7127
0.7037 0.5922 0.8942 0.7125
0.7037 0.5922 0.8938 0.7124
0.7037 0.5926 0.8938 0.7127
0.7037 0.5929 0.8939 0.7129
0.7037 0.5932 0.8939 0.7132
0.7037 0.5935 0.8940 0.7134
0.7037 0.5939 0.8940 0.7137
0.7037 0.5942 0.8941 0.7139
0.7037 0.5945 0.8941 0.7142
0.7037 0.5949 0.8942 0.7144
0.7037 0.5952 0.8942 0.7147
0.7037 0.5955 0.8943 0.7149
0.7037 0.5958 0.8943 0.7152
0.7037 0.5962 0.8944 0.7154
0.7037 0.5962 0.8939 0.7153
0.7037 0.5965 0.8940 0.7155
0.7037 0.5968 0.8940 0.7158
0.7037 0.5971 0.8941 0.7160
0.7037 0.5975 0.8941 0.7163
0.7037 0.5978 0.8942 0.7165
0.7037 0.5981 0.8942 0.7168
0.7037 0.5981 0.8938 0.7167
0.7037 0.5984 0.8939 0.7169
0.7037 0.5988 0.8939 0.7172
0.7037 0.5991 0.8940 0.7174
0.7037 0.5994 0.8940 0.7177
0.7037 0.5994 0.8936 0.7175
0.7037 0.5994 0.8932 0.7174
0.7037 0.5994 0.8927 0.7172
0.7037 0.5997 0.8928 0.7175
0.7037 0.6001 0.8928 0.7177
0.7037 0.6004 0.8929 0.7180
0.7037 0.6004 0.8924 0.7178
0.7037 0.6007 0.8925 0.7181
0.7037 0.6010 0.8925 0.7183
0.7037 0.6014 0.8926 0.7186
0.7037 0.6017 0.8926 0.7188
0.7037 0.6020 0.8927 0.7191
0.7037 0.6023 0.8928 0.7193
0.7037 0.6027 0.8928 0.7196
0.7037 0.6030 0.8929 0.7198
0.7037 0.6033 0.8929 0.7201
0.7037 0.6033 0.8925 0.7200
0.7037 0.6033 0.8920 0.7198
0.7037 0.6037 0.8921 0.7201
0.7037 0.6037 0.8917 0.7199
0.7037 0.6040 0.8917 0.7202
0.7037 0.6040 0.8913 0.7200
0.7037 0.6040 0.8909 0.7199
0.7037 0.6043 0.8909 0.7201
0.7037 0.6046 0.8910 0.7204
0.7037 0.6050 0.8910 0.7206
0.7037 0.6053 0.8911 0.7209
0.7037 0.6056 0.8911 0.7211
0.7037 0.6059 0.8912 0.7214
0.7037 0.6063 0.8912 0.7216
0.7037 0.6066 0.8913 0.7219
0.7037 0.6069 0.8913 0.7221
0.7037 0.6072 0.8914 0.7224
0.7037 0.6072 0.8910 0.7222
0.7037 0.6076 0.8910 0.7225
0.7037 0.6079 0.8911 0.7227
0.7037 0.6079 0.8906 0.7226
0.7037 0.6082 0.8907 0.7228
0.7037 0.6082 0.8903 0.7227
0.7037 0.6085 0.8903 0.7229
0.7037 0.6089 0.8904 0.7232
0.7037 0.6092 0.8904 0.7234
0.7037 0.6095 0.8905 0.7237
0.7037 0.6098 0.8905 0.7239
0.7037 0.6102 0.8906 0.7242
0.7037 0.6105 0.8906 0.7244
0.7037 0.6108 0.8907 0.7247
0.7037 0.6111 0.8907 0.7249
0.7037 0.6115 0.8908 0.7252
0.7037 0.6118 0.8908 0.7254
0.7037 0.6121 0.8909 0.7257
0.7037 0.6125 0.8909 0.7259
0.7037 0.6128 0.8910 0.7261
0.7037 0.6131 0.8910 0.7264
0.7037 0.6134 0.8911 0.7266
0.7037 0.6138 0.8912 0.7269
0.7037 0.6141 0.8912 0.7271
0.7037 0.6144 0.8913 0.7274
0.7037 0.6147 0.8913 0.7276
0.7037 0.6151 0.8914 0.7279
0.7037 0.6151 0.8909 0.7277
0.7037 0.6151 0.8905 0.7276
0.7037 0.6154 0.8906 0.7278
0.7037 0.6154 0.8901 0.7277
0.7037 0.6157 0.8902 0.7279
0.7037 0.6157 0.8898 0.7278
0.7037 0.6160 0.8898 0.7280
0.7037 0.6164 0.8899 0.7283
0.7037 0.6164 0.8895 0.7281
0.7037 0.6167 0.8895 0.7284
0.7037 0.6170 0.8896 0.7286
0.7037 0.6173 0.8896 0.7289
0.7037 0.6177 0.8897 0.7291
0.7037 0.6180 0.8897 0.7294
0.7037 0.6183 0.8898 0.7296
0.7037 0.6186 0.8898 0.7299
0.7037 0.6186 0.8894 0.7297
0.7037 0.6190 0.8895 0.7300
0.7037 0.6193 0.8895 0.7302
0.7037 0.6196 0.8896 0.7305
0.7037 0.6199 0.8896 0.7307
0.7037 0.6203 0.8897 0.7309
0.7037 0.6206 0.8897 0.7312
0.7037 0.6206 0.8893 0.7310
0.7037 0.6209 0.8894 0.7313
0.7037 0.6213 0.8894 0.7315
0.7037 0.6216 0.8895 0.7318
0.7037 0.6216 0.8890 0.7316
0.7037 0.6219 0.8891 0.7319
0.7037 0.6222 0.8891 0.7321
0.7037 0.6226 0.8892 0.7324
0.7037 0.6229 0.8893 0.7326
0.7037 0.6232 0.8893 0.7328
0.7037 0.6235 0.8894 0.7331
0.7037 0.6239 0.8894 0.7333
0.7037 0.6242 0.8895 0.7336
0.7037 0.6245 0.8895 0.7338
0.7037 0.6248 0.8896 0.7341
0.7037 0.6252 0.8896 0.7343
0.7037 0.6255 0.8897 0.7345
0.7037 0.6258 0.8897 0.7348
0.7037 0.6261 0.8898 0.7350
0.7037 0.6265 0.8898 0.7353
0.7037 0.6268 0.8899 0.7355
0.7037 0.6271 0.8899 0.7358
0.7037 0.6274 0.8900 0.7360
0.7037 0.6278 0.8900 0.7362
0.7037 0.6281 0.8901 0.7365
0.7037 0.6284 0.8901 0.7367
0.7037 0.6287 0.8902 0.7370
0.7037 0.6291 0.8902 0.7372
0.7037 0.6294 0.8903 0.7374
0.7037 0.6297 0.8903 0.7377
0.7037 0.6301 0.8904 0.7379
0.7037 0.6304 0.8904 0.7382
0.7037 0.6307 0.8905 0.7384
0.7037 0.6310 0.8905 0.7386
0.7037 0.6314 0.8906 0.7389
0.7037 0.6317 0.8906 0.7391
0.7037 0.6320 0.8907 0.7394
0.7037 0.6323 0.8907 0.7396
0.7037 0.6327 0.8908 0.7399
0.7037 0.6330 0.8908 0.7401
0.7037 0.6333 0.8909 0.7403
0.7037 0.6336 0.8909 0.7406
0.7037 0.6340 0.8910 0.7408
0.7037 0.6343 0.8910 0.7411
0.7037 0.6346 0.8911 0.7413
0.7037 0.6349 0.8911 0.7415
0.7037 0.6353 0.8912 0.7418
0.7037 0.6356 0.8912 0.7420
0.7037 0.6356 0.8908 0.7419
0.7037 0.6359 0.8909 0.7421
0.7037 0.6362 0.8909 0.7423
0.7037 0.6366 0.8910 0.7426
0.7037 0.6369 0.8910 0.7428
0.7037 0.6372 0.8911 0.7431
0.7037 0.6375 0.8911 0.7433
0.7037 0.6379 0.8912 0.7435
0.7037 0.6379 0.8908 0.7434
0.7037 0.6382 0.8908 0.7436
0.7037 0.6385 0.8909 0.7439
0.7037 0.6389 0.8909 0.7441
0.7037 0.6392 0.8910 0.7444
0.7037 0.6395 0.8910 0.7446
0.7037 0.6395 0.8906 0.7445
0.7037 0.6398 0.8907 0.7447
0.7037 0.6402 0.8907 0.7449
0.7037 0.6405 0.8908 0.7452
0.7037 0.6405 0.8903 0.7450
0.7037 0.6408 0.8904 0.7453
0.7037 0.6408 0.8900 0.7451
0.7037 0.6411 0.8900 0.7454
0.7037 0.6411 0.8896 0.7452
0.7037 0.6411 0.8892 0.7451
0.7037 0.6411 0.8888 0.7449
0.7037 0.6415 0.8889 0.7452
0.7037 0.6418 0.8889 0.7454
0.7037 0.6418 0.8885 0.7453
0.7037 0.6421 0.8886 0.7455
0.7037 0.6424 0.8886 0.7457
0.7037 0.6428 0.8887 0.7460
0.7037 0.6428 0.8883 0.7458
0.7037 0.6428 0.8879 0.7457
0.7037 0.6431 0.8879 0.7459
0.7037 0.6434 0.8880 0.7462
0.7037 0.6434 0.8876 0.7460
0.7037 0.6434 0.8872 0.7459
0.7037 0.6437 0.8872 0.7461
0.7037 0.6441 0.8873 0.7464
0.7037 0.6444 0.8873 0.7466
0.7037 0.6447 0.8874 0.7468
0.7037 0.6450 0.8874 0.7471
0.7037 0.6450 0.8870 0.7469
0.7037 0.6454 0.8871 0.7472
0.7037 0.6457 0.8871 0.7474
0.7037 0.6460 0.8872 0.7476
0.7037 0.6463 0.8872 0.7479
0.7037 0.6467 0.8873 0.7481
0.7037 0.6470 0.8873 0.7484
0.7037 0.6470 0.8870 0.7482
0.7037 0.6473 0.8870 0.7484
0.7037 0.6477 0.8871 0.7487
0.7037 0.6477 0.8867 0.7485
0.7037 0.6480 0.8867 0.7488
0.7037 0.6483 0.8868 0.7490
0.7037 0.6486 0.8868 0.7492
0.7037 0.6490 0.8869 0.7495
0.7037 0.6493 0.8869 0.7497
0.7037 0.6496 0.8870 0.7500
0.7037 0.6499 0.8870 0.7502
0.7037 0.6503 0.8871 0.7504
0.7037 0.6506 0.8871 0.7507
0.7037 0.6509 0.8872 0.7509
0.7037 0.6512 0.8872 0.7511
0.7037 0.6512 0.8868 0.7510
0.7037 0.6512 0.8864 0.7508
0.7037 0.6516 0.8865 0.7511
0.7037 0.6519 0.8865 0.7513
0.7037 0.6519 0.8861 0.7512
0.7037 0.6519 0.8857 0.7510
0.7037 0.6522 0.8858 0.7513
0.7037 0.6522 0.8854 0.7511
0.7037 0.6525 0.8854 0.7514
0.7037 0.6529 0.8855 0.7516
0.7037 0.6532 0.8856 0.7518
0.7037 0.6532 0.8852 0.7517
0.7037 0.6532 0.8848 0.7515
0.7037 0.6535 0.8848 0.7518
0.7037 0.6538 0.8849 0.7520
0.7037 0.6538 0.8845 0.7519
0.7037 0.6538 0.8841 0.7517
0.7037 0.6542 0.8841 0.7520
0.7037 0.6542 0.8838 0.7518
0.7037 0.6542 0.8834 0.7517
0.7037 0.6545 0.8834 0.7519
0.7037 0.6548 0.8835 0.7522
0.7037 0.6551 0.8835 0.7524
0.7037 0.6555 0.8836 0.7526
0.7037 0.6558 0.8836 0.7529
0.7037 0.6561 0.8837 0.7531
0.7037 0.6565 0.8837 0.7533
0.7037 0.6568 0.8838 0.7536
0.7037 0.6571 0.8838 0.7538
0.7037 0.6571 0.8834 0.7536
0.7037 0.6571 0.8830 0.7535
0.7037 0.6574 0.8831 0.7537
0.7037 0.6578 0.8832 0.7540
0.7037 0.6578 0.8828 0.7538
0.7037 0.6578 0.8824 0.7537
0.7037 0.6581 0.8824 0.7539
0.7037 0.6584 0.8825 0.7542
0.7037 0.6587 0.8825 0.7544
0.7037 0.6591 0.8826 0.7546
0.7037 0.6594 0.8826 0.7549
0.7037 0.6597 0.8827 0.7551
0.7037 0.6600 0.8827 0.7553
0.7037 0.6600 0.8824 0.7552
0.7037 0.6604 0.8824 0.7554
0.7037 0.6604 0.8820 0.7553
0.7037 0.6604 0.8816 0.7551
0.7037 0.6604 0.8813 0.7550
0.7037 0.6607 0.8813 0.7552
0.7037 0.6607 0.8809 0.7551
0.7037 0.6610 0.8810 0.7553
0.7037 0.6613 0.8810 0.7555
0.7037 0.6617 0.8811 0.7558
0.7037 0.6620 0.8811 0.7560
0.7037 0.6623 0.8812 0.7562
0.7037 0.6626 0.8812 0.7565
0.7037 0.6630 0.8813 0.7567
0.7037 0.6633 0.8813 0.7569
0.7037 0.6636 0.8814 0.7572
0.7037 0.6636 0.8810 0.7570
0.7037 0.6640 0.8811 0.7572
0.7037 0.6640 0.8807 0.7571
0.7037 0.6643 0.8807 0.7573
0.7037 0.6643 0.8803 0.7572
0.7037 0.6646 0.8804 0.7574
0.7037 0.6649 0.8804 0.7577
0.7037 0.6653 0.8805 0.7579
0.7037 0.6656 0.8806 0.7581
0.7037 0.6659 0.8806 0.7584
0.7037 0.6662 0.8807 0.7586
0.7037 0.6666 0.8807 0.7588
0.7037 0.6669 0.8808 0.7590
0.7037 0.6669 0.8804 0.7589
0.7037 0.6672 0.8804 0.7591
0.7037 0.6675 0.8805 0.7594
0.7037 0.6675 0.8801 0.7592
0.7037 0.6679 0.8802 0.7595
0.7037 0.6682 0.8802 0.7597
0.7037 0.6682 0.8798 0.7595
0.7037 0.6682 0.8795 0.7594
0.7037 0.6682 0.8791 0.7593
0.7037 0.6685 0.8791 0.7595
0.7037 0.6688 0.8792 0.7597
0.7037 0.6692 0.8792 0.7599
0.7037 0.6692 0.8789 0.7598
0.7037 0.6692 0.8785 0.7597
0.7037 0.6695 0.8785 0.7599
0.7037 0.6698 0.8786 0.7601
0.7037 0.6698 0.8782 0.7600
0.7037 0.6701 0.8783 0.7602
0.7037 0.6705 0.8783 0.7604
0.7037 0.6708 0.8784 0.7607
0.7037 0.6711 0.8784 0.7609
0.7037 0.6714 0.8785 0.7611
0.7037 0.6718 0.8785 0.7614
0.7037 0.6721 0.8786 0.7616
0.7037 0.6724 0.8786 0.7618
0.7037 0.6728 0.8787 0.7620
0.7037 0.6731 0.8787 0.7623
0.7037 0.6734 0.8788 0.7625
0.7037 0.6734 0.8784 0.7624
0.7037 0.6737 0.8785 0.7626
0.7037 0.6741 0.8785 0.7628
0.7037 0.6741 0.8781 0.7627
0.7037 0.6744 0.8782 0.7629
0.7037 0.6744 0.8778 0.7628
0.7037 0.6747 0.8779 0.7630
0.7037 0.6750 0.8779 0.7632
0.7037 0.6754 0.8780 0.7634
0.7037 0.6757 0.8780 0.7637
0.7037 0.6760 0.8781 0.7639
0.7037 0.6763 0.8781 0.7641
0.7037 0.6763 0.8777 0.7640
0.7037 0.6767 0.8778 0.7642
0.7037 0.6767 0.8774 0.7641
0.7037 0.6767 0.8771 0.7639
0.7037 0.6770 0.8771 0.7642
0.7037 0.6773 0.8772 0.7644
0.7037 0.6776 0.8772 0.7646
0.7037 0.6780 0.8773 0.7648
0.7037 0.6783 0.8773 0.7651
0.7037 0.6783 0.8769 0.7649
0.7037 0.6783 0.8766 0.7648
0.7037 0.6786 0.8766 0.7650
0.7037 0.6789 0.8767 0.7652
0.7037 0.6793 0.8767 0.7655
0.7037 0.6796 0.8768 0.7657
0.7037 0.6796 0.8764 0.7656
0.7037 0.6796 0.8761 0.7654
0.7037 0.6796 0.8757 0.7653
0.7037 0.6799 0.8757 0.7655
0.7037 0.6802 0.8758 0.7657
0.7037 0.6806 0.8758 0.7660
0.7037 0.6809 0.8759 0.7662
0.7037 0.6809 0.8755 0.7660
0.7037 0.6812 0.8756 0.7663
0.7037 0.6816 0.8756 0.7665
0.7037 0.6819 0.8757 0.7667
0.7037 0.6822 0.8757 0.7669
0.7037 0.6825 0.8758 0.7672
0.7037 0.6825 0.8754 0.7670
0.7037 0.6829 0.8755 0.7673
0.7037 0.6829 0.8751 0.7671
0.7037 0.6832 0.8752 0.7673
0.7037 0.6832 0.8748 0.7672
0.7037 0.6835 0.8748 0.7674
0.7037 0.6835 0.8745 0.7673
0.7037 0.6838 0.8745 0.7675
0.7037 0.6838 0.8742 0.7674
0.7037 0.6842 0.8742 0.7676
0.7037 0.6845 0.8743 0.7678
0.7037 0.6848 0.8743 0.7680
0.7037 0.6848 0.8740 0.7679
0.7037 0.6848 0.8736 0.7678
0.7037 0.6851 0.8736 0.7680
0.7037 0.6855 0.8737 0.7682
0.7037 0.6858 0.8738 0.7684
0.7037 0.6861 0.8738 0.7687
0.7037 0.6864 0.8739 0.7689
0.7037 0.6868 0.8739 0.7691
0.7037 0.6871 0.8740 0.7693
0.7037 0.6874 0.8740 0.7696
0.7037 0.6877 0.8741 0.7698
0.7037 0.6881 0.8741 0.7700
0.7037 0.6884 0.8742 0.7702
0.7037 0.6884 0.8738 0.7701
0.7037 0.6884 0.8734 0.7700
0.7037 0.6887 0.8735 0.7702
0.7037 0.6887 0.8731 0.7700
0.7037 0.6890 0.8732 0.7703
0.7037 0.6890 0.8728 0.7701
0.7037 0.6894 0.8729 0.7704
0.7037 0.6894 0.8725 0.7702
0.7037 0.6897 0.8726 0.7704
0.7037 0.6897 0.8722 0.7703
0.7037 0.6900 0.8723 0.7705
0.7037 0.6900 0.8719 0.7704
0.7037 0.6904 0.8720 0.7706
0.7037 0.6904 0.8716 0.7705
0.7037 0.6907 0.8717 0.7707
0.7037 0.6910 0.8717 0.7709
0.7037 0.6910 0.8714 0.7708
0.7037 0.6913 0.8714 0.7710
0.7037 0.6917 0.8715 0.7712
0.7037 0.6920 0.8715 0.7714
0.7037 0.6923 0.8716 0.7717
0.7037 0.6926 0.8716 0.7719
0.7037 0.6930 0.8717 0.7721
0.7037 0.6930 0.8713 0.7720
0.7037 0.6930 0.8710 0.7718
0.7037 0.6930 0.8706 0.7717
0.7037 0.6933 0.8707 0.7719
0.7037 0.6933 0.8703 0.7718
0.7037 0.6936 0.8703 0.7720
0.7037 0.6936 0.8700 0.7719
0.7037 0.6939 0.8700 0.7721
0.7037 0.6943 0.8701 0.7723
0.7037 0.6943 0.8697 0.7722
0.7037 0.6946 0.8698 0.7724
0.7037 0.6949 0.8698 0.7726
0.7037 0.6952 0.8699 0.7728
0.7037 0.6952 0.8695 0.7727
0.7037 0.6952 0.8692 0.7725
0.7037 0.6952 0.8688 0.7724
0.7037 0.6956 0.8689 0.7726
0.7037 0.6959 0.8689 0.7729
0.7037 0.6959 0.8686 0.7727
0.7037 0.6959 0.8682 0.7726
0.7037 0.6962 0.8683 0.7728
0.7037 0.6962 0.8679 0.7727
0.7037 0.6965 0.8680 0.7729
0.7037 0.6969 0.8680 0.7731
0.7037 0.6969 0.8677 0.7730
0.7037 0.6972 0.8677 0.7732
0.7037 0.6975 0.8678 0.7734
0.7037 0.6978 0.8679 0.7736
0.7037 0.6982 0.8679 0.7738
0.7037 0.6982 0.8676 0.7737
0.7037 0.6985 0.8676 0.7739
0.7037 0.6985 0.8673 0.7738
0.7037 0.6985 0.8669 0.7736
0.7037 0.6985 0.8666 0.7735
0.7037 0.6988 0.8666 0.7737
0.7037 0.6992 0.8667 0.7739
0.7037 0.6995 0.8667 0.7742
0.7037 0.6998 0.8668 0.7744
0.7037 0.7001 0.8668 0.7746
0.7037 0.7005 0.8669 0.7748
0.7037 0.7008 0.8669 0.7751
0.7037 0.7008 0.8666 0.7749
0.7037 0.7008 0.8662 0.7748
0.7037 0.7011 0.8663 0.7750
0.7037 0.7011 0.8659 0.7749
0.7037 0.7014 0.8660 0.7751
0.7037 0.7018 0.8660 0.7753
0.7037 0.7018 0.8657 0.7752
0.7037 0.7018 0.8654 0.7750
0.7037 0.7021 0.8654 0.7752
0.7037 0.7021 0.8651 0.7751
0.7037 0.7024 0.8651 0.7753
0.7037 0.7027 0.8652 0.7755
0.7037 0.7031 0.8652 0.7758
0.7037 0.7034 0.8653 0.7760
0.7037 0.7037 0.8653 0.7762
0.7037 0.7040 0.8654 0.7764
0.7037 0.7040 0.8650 0.7763
0.7037 0.7044 0.8651 0.7765
0.7037 0.7044 0.8647 0.7764
0.7037 0.7047 0.8648 0.7766
0.7037 0.7050 0.8649 0.7768
0.7037 0.7053 0.8649 0.7770
0.7037 0.7053 0.8646 0.7769
0.7037 0.7053 0.8642 0.7767
0.7037 0.7057 0.8643 0.7770
0.7037 0.7060 0.8643 0.7772
0.7037 0.7063 0.8644 0.7774
0.7037 0.7066 0.8644 0.7776
0.7037 0.7070 0.8645 0.7778
0.7037 0.7070 0.8641 0.7777
0.7037 0.7070 0.8638 0.7776
0.7037 0.7073 0.8639 0.7778
0.7037 0.7076 0.8639 0.7780
0.7037 0.7080 0.8640 0.7782
0.7037 0.7083 0.8640 0.7784
0.7037 0.7086 0.8641 0.7787
0.7037 0.7089 0.8641 0.7789
0.7037 0.7089 0.8638 0.7787
0.7037 0.7093 0.8638 0.7790
0.7037 0.7093 0.8635 0.7788
0.7037 0.7096 0.8635 0.7790
0.7037 0.7096 0.8632 0.7789
0.7037 0.7096 0.8629 0.7788
0.7037 0.7096 0.8625 0.7786
0.7037 0.7099 0.8626 0.7788
0.7037 0.7099 0.8622 0.7787
0.7037 0.7102 0.8623 0.7789
0.7037 0.7106 0.8623 0.7791
0.7037 0.7109 0.8624 0.7793
0.7037 0.7112 0.8625 0.7796
0.7037 0.7115 0.8625 0.7798
0.7037 0.7119 0.8626 0.7800
0.7037 0.7122 0.8626 0.7802
0.7037 0.7125 0.8627 0.7804
0.7037 0.7128 0.8627 0.7807
0.7037 0.7128 0.8624 0.7805
0.7037 0.7132 0.8624 0.7807
0.7037 0.7135 0.8625 0.7809
0.7037 0.7138 0.8625 0.7812
0.7037 0.7141 0.8626 0.7814
0.7037 0.7145 0.8627 0.7816
0.7037 0.7145 0.8623 0.7815
0.7037 0.7145 0.8620 0.7813
0.7037 0.7148 0.8620 0.7815
0.7037 0.7148 0.8617 0.7814
0.7037 0.7151 0.8617 0.7816
0.7037 0.7154 0.8618 0.7818
0.7037 0.7158 0.8619 0.7821
0.7037 0.7161 0.8619 0.7823
0.7037 0.7164 0.8620 0.7825
0.7037 0.7164 0.8616 0.7823
0.7037 0.7168 0.8617 0.7826
0.7037 0.7171 0.8617 0.7828
0.7037 0.7174 0.8618 0.7830
0.7037 0.7177 0.8618 0.7832
0.7037 0.7177 0.8615 0.7831
0.7037 0.7177 0.8612 0.7829
0.7037 0.7177 0.8608 0.7828
0.7037 0.7181 0.8609 0.7830
0.7037 0.7181 0.8605 0.7829
0.7037 0.7184 0.8606 0.7831
0.7037 0.7184 0.8603 0.7829
0.7037 0.7184 0.8599 0.7828
0.7037 0.7187 0.8600 0.7830
0.7037 0.7190 0.8600 0.7832
0.7037 0.7194 0.8601 0.7835
0.7037 0.7197 0.8601 0.7837
0.7037 0.7200 0.8602 0.7839
0.7037 0.7200 0.8599 0.7838
0.7037 0.7203 0.8599 0.7840
0.7037 0.7207 0.8600 0.7842
0.7037 0.7210 0.8600 0.7844
0.7037 0.7210 0.8597 0.7843
0.7037 0.7213 0.8598 0.7845
0.7037 0.7216 0.8598 0.7847
0.7037 0.7216 0.8595 0.7845
0.7037 0.7216 0.8591 0.7844
0.7037 0.7220 0.8592 0.7846
0.7037 0.7220 0.8589 0.7845
0.7037 0.7220 0.8585 0.7843
0.7037 0.7223 0.8586 0.7846
0.7037 0.7226 0.8586 0.7848
0.7037 0.7226 0.8583 0.7846
0.7037 0.7229 0.8584 0.7849
0.7037 0.7229 0.8580 0.7847
0.7037 0.7233 0.8581 0.7849
0.7037 0.7236 0.8581 0.7851
0.7037 0.7236 0.8578 0.7850
0.7037 0.7239 0.8579 0.7852
0.7037 0.7243 0.8579 0.7854
0.7037 0.7246 0.8580 0.7857
0.7037 0.7249 0.8580 0.7859
0.7037 0.7252 0.8581 0.7861
0.7037 0.7256 0.8581 0.7863
0.7037 0.7256 0.8578 0.7862
0.7037 0.7259 0.8579 0.7864
0.7037 0.7262 0.8579 0.7866
0.7037 0.7262 0.8576 0.7864
0.7037 0.7265 0.8576 0.7867
0.7037 0.7269 0.8577 0.7869
0.7037 0.7272 0.8577 0.7871
0.7037 0.7275 0.8578 0.7873
0.7037 0.7275 0.8575 0.7872
0.7037 0.7275 0.8571 0.7870
0.7037 0.7278 0.8572 0.7872
0.7037 0.7282 0.8573 0.7875
0.7037 0.7285 0.8573 0.7877
0.7037 0.7285 0.8570 0.7875
0.7037 0.7285 0.8567 0.7874
0.7037 0.7288 0.8567 0.7876
0.7037 0.7288 0.8564 0.7875
0.7037 0.7288 0.8560 0.7873
0.7037 0.7288 0.8557 0.7872
0.7037 0.7288 0.8554 0.7870
0.7037 0.7291 0.8554 0.7873
0.7037 0.7295 0.8555 0.7875
0.7037 0.7295 0.8552 0.7873
0.7037 0.7298 0.8552 0.7875
0.7037 0.7298 0.8549 0.7874
0.7037 0.7298 0.8546 0.7873
0.7037 0.7301 0.8546 0.7875
0.7037 0.7304 0.8547 0.7877
0.7037 0.7308 0.8547 0.7879
0.7037 0.7311 0.8548 0.7881
0.7037 0.7314 0.8549 0.7883
0.7037 0.7317 0.8549 0.7885
0.7037 0.7321 0.8550 0.7888
0.7037 0.7321 0.8546 0.7886
0.7037 0.7324 0.8547 0.7888
0.7037 0.7324 0.8544 0.7887
0.7037 0.7324 0.8540 0.7886
0.7037 0.7324 0.8537 0.7884
0.7037 0.7327 0.8538 0.7886
0.7037 0.7331 0.8538 0.7888
0.7037 0.7331 0.8535 0.7887
0.7037 0.7331 0.8532 0.7886
0.7037 0.7331 0.8529 0.7884
0.7037 0.7331 0.8525 0.7883
0.7037 0.7334 0.8526 0.7885
0.7037 0.7337 0.8527 0.7887
0.7037 0.7340 0.8527 0.7889
0.7037 0.7340 0.8524 0.7888
0.7037 0.7344 0.8524 0.7890
0.7037 0.7344 0.8521 0.7889
0.7037 0.7344 0.8518 0.7887
0.7037 0.7347 0.8519 0.7889
0.7037 0.7350 0.8519 0.7892
0.7037 0.7353 0.8520 0.7894
0.7037 0.7353 0.8516 0.7892
0.7037 0.7357 0.8517 0.7894
0.7037 0.7360 0.8518 0.7896
0.7037 0.7363 0.8518 0.7899
0.7037 0.7366 0.8519 0.7901
0.7037 0.7370 0.8519 0.7903
0.7037 0.7370 0.8516 0.7901
0.7037 0.7373 0.8517 0.7904
0.7037 0.7376 0.8517 0.7906
0.7037 0.7379 0.8518 0.7908
0.7037 0.7379 0.8514 0.7906
0.7037 0.7383 0.8515 0.7909
0.7037 0.7386 0.8516 0.7911
0.7037 0.7386 0.8512 0.7909
0.7037 0.7386 0.8509 0.7908
0.7037 0.7386 0.8506 0.7906
0.7037 0.7386 0.8503 0.7905
0.7037 0.7389 0.8503 0.7907
0.7037 0.7392 0.8504 0.7909
0.7037 0.7396 0.8504 0.7911
0.7037 0.7396 0.8501 0.7910
0.7037 0.7396 0.8498 0.7909
0.7037 0.7399 0.8499 0.7911
0.7037 0.7402 0.8499 0.7913
0.7037 0.7402 0.8496 0.7912
0.7037 0.7405 0.8497 0.7914
0.7037 0.7405 0.8493 0.7912
0.7037 0.7409 0.8494 0.7914
0.7037 0.7409 0.8491 0.7913
0.7037 0.7412 0.8491 0.7915
0.7037 0.7412 0.8488 0.7914
0.7037 0.7412 0.8485 0.7912
0.7037 0.7412 0.8482 0.7911
0.7037 0.7412 0.8479 0.7910
0.7037 0.7415 0.8479 0.7912
0.7037 0.7419 0.8480 0.7914
0.7037 0.7419 0.8477 0.7912
0.7037 0.7422 0.8477 0.7914
0.7037 0.7422 0.8474 0.7913
0.7037 0.7422 0.8471 0.7912
0.7037 0.7425 0.8472 0.7914
0.7037 0.7428 0.8472 0.7916
0.7037 0.7428 0.8469 0.7915
0.7037 0.7432 0.8470 0.7917
0.7037 0.7435 0.8470 0.7919
0.7037 0.7438 0.8471 0.7921
0.7037 0.7438 0.8468 0.7919
0.7037 0.7438 0.8464 0.7918
0.7037 0.7438 0.8461 0.7917
0.7037 0.7438 0.8458 0.7915
0.7037 0.7441 0.8459 0.7917
0.7037 0.7441 0.8456 0.7916
0.7037 0.7441 0.8452 0.7915
0.7037 0.7445 0.8453 0.7917
0.7037 0.7445 0.8450 0.7915
0.7037 0.7445 0.8447 0.7914
0.7037 0.7445 0.8444 0.7913
0.7037 0.7448 0.8444 0.7915
0.7037 0.7451 0.8445 0.7917
0.7037 0.7454 0.8445 0.7919
0.7037 0.7454 0.8442 0.7918
0.7037 0.7454 0.8439 0.7916
0.7037 0.7454 0.8436 0.7915
0.7037 0.7458 0.8437 0.7917
0.7037 0.7461 0.8437 0.7919
0.7037 0.7464 0.8438 0.7921
0.7037 0.7464 0.8435 0.7920
0.7037 0.7464 0.8432 0.7918
0.7037 0.7467 0.8432 0.7920
0.7037 0.7467 0.8429 0.7919
0.7037 0.7467 0.8426 0.7918
0.7037 0.7471 0.8426 0.7920
0.7037 0.7471 0.8423 0.7918
0.7037 0.7471 0.8420 0.7917
0.7037 0.7471 0.8417 0.7916
0.7037 0.7474 0.8418 0.7918
0.7037 0.7477 0.8418 0.7920
0.7037 0.7477 0.8415 0.7919
0.7037 0.7477 0.8412 0.7917
0.7037 0.7477 0.8409 0.7916
0.7037 0.7477 0.8406 0.7914
0.7037 0.7480 0.8407 0.7917
0.7037 0.7480 0.8404 0.7915
0.7037 0.7484 0.8404 0.7917
0.7037 0.7487 0.8405 0.7919
0.7037 0.7490 0.8405 0.7921
0.7037 0.7493 0.8406 0.7923
0.7037 0.7497 0.8406 0.7926
0.7037 0.7497 0.8403 0.7924
0.7037 0.7497 0.8400 0.7923
0.7037 0.7497 0.8397 0.7921
0.7037 0.7497 0.8394 0.7920
0.7037 0.7497 0.8391 0.7919
0.7037 0.7497 0.8388 0.7917
0.7037 0.7497 0.8385 0.7916
0.7037 0.7497 0.8382 0.7915
0.7037 0.7500 0.8383 0.7917
0.7037 0.7503 0.8383 0.7919
0.7037 0.7507 0.8384 0.7921
0.7037 0.7510 0.8384 0.7923
0.7037 0.7510 0.8381 0.7922
0.7037 0.7513 0.8382 0.7924
0.7037 0.7513 0.8379 0.7922
0.7037 0.7516 0.8379 0.7924
0.7037 0.7516 0.8376 0.7923
0.7037 0.7516 0.8373 0.7922
0.7037 0.7520 0.8374 0.7924
0.7037 0.7520 0.8371 0.7922
0.7037 0.7520 0.8368 0.7921
0.7037 0.7523 0.8368 0.7923
0.7037 0.7523 0.8365 0.7922
0.7037 0.7526 0.8366 0.7924
0.7037 0.7529 0.8367 0.7926
0.7037 0.7529 0.8364 0.7925
0.7037 0.7529 0.8360 0.7923
0.7037 0.7533 0.8361 0.7925
0.7037 0.7533 0.8358 0.7924
0.7037 0.7536 0.8359 0.7926
0.7037 0.7539 0.8359 0.7928
0.7037 0.7539 0.8356 0.7927
0.7037 0.7542 0.8357 0.7929
0.7037 0.7546 0.8357 0.7931
0.7037 0.7546 0.8354 0.7929
0.7037 0.7549 0.8355 0.7932
0.7037 0.7552 0.8356 0.7934
0.7037 0.7552 0.8353 0.7932
0.7037 0.7555 0.8353 0.7934
0.7037 0.7559 0.8354 0.7936
0.7037 0.7559 0.8351 0.7935
0.7037 0.7562 0.8351 0.7937
0.7037 0.7565 0.8352 0.7939
0.7037 0.7565 0.8349 0.7938
0.7037 0.7568 0.8350 0.7940
0.7037 0.7568 0.8347 0.7938
0.7037 0.7572 0.8347 0.7941
0.7037 0.7572 0.8344 0.7939
0.7037 0.7572 0.8341 0.7938
0.7037 0.7575 0.8342 0.7940
0.7037 0.7575 0.8339 0.7939
0.7037 0.7578 0.8339 0.7941
0.7037 0.7578 0.8336 0.7939
0.7037 0.7581 0.8337 0.7941
0.7037 0.7585 0.8338 0.7943
0.7037 0.7588 0.8338 0.7945
0.7037 0.7591 0.8339 0.7947
0.7037 0.7591 0.8336 0.7946
0.7037 0.7591 0.8333 0.7945
0.7037 0.7591 0.8330 0.7943
0.7037 0.7591 0.8327 0.7942
0.7037 0.7595 0.8327 0.7944
0.7037 0.7595 0.8324 0.7943
0.7037 0.7598 0.8325 0.7945
0.7037 0.7601 0.8326 0.7947
0.7037 0.7604 0.8326 0.7949
0.7037 0.7604 0.8323 0.7948
0.7037 0.7608 0.8324 0.7950
0.7037 0.7608 0.8321 0.7948
0.7037 0.7611 0.8321 0.7950
0.7037 0.7614 0.8322 0.7952
0.7037 0.7617 0.8323 0.7954
0.7037 0.7617 0.8320 0.7953
0.7037 0.7617 0.8317 0.7952
0.7037 0.7617 0.8314 0.7950
0.7037 0.7621 0.8314 0.7952
0.7037 0.7621 0.8311 0.7951
0.7037 0.7624 0.8312 0.7953
0.7037 0.7624 0.8309 0.7952
0.7037 0.7624 0.8306 0.7950
0.7037 0.7624 0.8303 0.7949
0.7037 0.7624 0.8300 0.7948
0.7037 0.7624 0.8297 0.7946
0.7037 0.7624 0.8294 0.7945
0.7037 0.7624 0.8291 0.7944
0.7037 0.7624 0.8288 0.7942
0.7037 0.7624 0.8286 0.7941
0.7037 0.7624 0.8283 0.7940
0.7037 0.7627 0.8283 0.7942
0.7037 0.7627 0.8280 0.7940
0.7037 0.7627 0.8277 0.7939
0.7037 0.7630 0.8278 0.7941
0.7037 0.7630 0.8275 0.7940
0.7037 0.7634 0.8276 0.7942
0.7037 0.7634 0.8273 0.7940
0.7037 0.7634 0.8270 0.7939
0.7037 0.7637 0.8270 0.7941
0.7037 0.7640 0.8271 0.7943
0.7037 0.7640 0.8268 0.7942
0.7037 0.7640 0.8265 0.7940
0.7037 0.7640 0.8262 0.7939
0.7037 0.7640 0.8259 0.7938
0.7037 0.7640 0.8256 0.7936
0.7037 0.7640 0.8254 0.7935
0.7037 0.7640 0.8251 0.7934
0.7037 0.7640 0.8248 0.7932
0.7037 0.7643 0.8248 0.7934
0.7037 0.7643 0.8245 0.7933
0.7037 0.7643 0.8243 0.7932
0.7037 0.7643 0.8240 0.7930
0.7037 0.7643 0.8237 0.7929
0.7037 0.7643 0.8234 0.7928
0.7037 0.7647 0.8234 0.7930
0.7037 0.7647 0.8232 0.7928
0.7037 0.7647 0.8229 0.7927
0.7037 0.7650 0.8229 0.7929
0.7037 0.7653 0.8230 0.7931
0.7037 0.7653 0.8227 0.7930
0.7037 0.7656 0.8228 0.7932
0.7037 0.7656 0.8225 0.7930
0.7037 0.7656 0.8222 0.7929
0.7037 0.7656 0.8219 0.7928
0.7037 0.7660 0.8220 0.7930
0.7037 0.7660 0.8217 0.7928
0.7037 0.7660 0.8214 0.7927
0.7037 0.7663 0.8215 0.7929
0.7037 0.7663 0.8212 0.7928
0.7037 0.7666 0.8212 0.7930
0.7037 0.7666 0.8209 0.7929
0.7037 0.7666 0.8207 0.7927
0.7037 0.7666 0.8204 0.7926
0.7037 0.7669 0.8204 0.7928
0.7037 0.7669 0.8201 0.7927
0.7037 0.7669 0.8199 0.7925
0.7037 0.7669 0.8196 0.7924
0.7037 0.7669 0.8193 0.7923
0.7037 0.7673 0.8194 0.7925
0.7037 0.7673 0.8191 0.7923
0.7037 0.7673 0.8188 0.7922
0.7037 0.7673 0.8185 0.7921
0.7037 0.7673 0.8182 0.7919
0.7037 0.7673 0.8179 0.7918
0.7037 0.7673 0.8176 0.7917
0.7037 0.7676 0.8177 0.7919
0.7037 0.7676 0.8174 0.7917
0.7037 0.7679 0.8175 0.7919
0.7037 0.7683 0.8176 0.7921
0.7037 0.7683 0.8173 0.7920
0.7037 0.7683 0.8170 0.7919
0.7037 0.7683 0.8167 0.7917
0.7037 0.7683 0.8164 0.7916
0.7037 0.7683 0.8161 0.7915
0.7037 0.7683 0.8159 0.7913
0.7037 0.7683 0.8156 0.7912
0.7037 0.7683 0.8153 0.7911
0.7037 0.7683 0.8150 0.7909
0.7037 0.7686 0.8151 0.7911
0.7037 0.7686 0.8148 0.7910
0.7037 0.7686 0.8145 0.7909
0.7037 0.7686 0.8142 0.7907
0.7037 0.7689 0.8143 0.7909
0.7037 0.7689 0.8140 0.7908
0.7037 0.7692 0.8141 0.7910
0.7037 0.7692 0.8138 0.7909
0.7037 0.7692 0.8135 0.7908
0.7037 0.7696 0.8136 0.7910
0.7037 0.7696 0.8133 0.7908
0.7037 0.7696 0.8130 0.7907
0.7037 0.7699 0.8131 0.7909
0.7037 0.7699 0.8128 0.7908
0.7037 0.7702 0.8129 0.7910
0.7037 0.7702 0.8126 0.7908
0.7037 0.7702 0.8123 0.7907
0.7037 0.7702 0.8120 0.7906
0.7037 0.7702 0.8117 0.7904
0.7037 0.7702 0.8115 0.7903
0.7037 0.7705 0.8115 0.7905
0.7037 0.7709 0.8116 0.7907
0.7037 0.7709 0.8113 0.7906
0.7037 0.7712 0.8114 0.7908
0.7037 0.7712 0.8111 0.7906
0.7037 0.7712 0.8108 0.7905
0.7037 0.7715 0.8109 0.7907
0.7037 0.7715 0.8106 0.7906
0.7037 0.7718 0.8107 0.7908
0.7037 0.7722 0.8107 0.7910
0.7037 0.7725 0.8108 0.7912
0.7037 0.7725 0.8105 0.7911
0.7037 0.7728 0.8106 0.7913
0.7037 0.7728 0.8103 0.7911
0.7037 0.7728 0.8100 0.7910
0.7037 0.7728 0.8098 0.7909
0.7037 0.7728 0.8095 0.7907
0.7037 0.7731 0.8096 0.7909
0.7037 0.7735 0.8096 0.7911
0.7037 0.7735 0.8093 0.7910
0.7037 0.7735 0.8091 0.7909
0.7037 0.7735 0.8088 0.7907
0.7037 0.7738 0.8089 0.7909
0.7037 0.7741 0.8089 0.7911
0.7037 0.7741 0.8086 0.7910
0.7037 0.7741 0.8084 0.7909
0.7037 0.7744 0.8084 0.7911
0.7037 0.7744 0.8082 0.7909
0.7037 0.7744 0.8079 0.7908
0.7037 0.7748 0.8080 0.7910
0.7037 0.7748 0.8077 0.7909
0.7037 0.7748 0.8074 0.7908
0.7037 0.7748 0.8071 0.7906
0.7037 0.7748 0.8069 0.7905
0.7037 0.7748 0.8066 0.7904
0.7037 0.7748 0.8063 0.7902
0.7037 0.7751 0.8064 0.7904
0.7037 0.7751 0.8061 0.7903
0.7037 0.7751 0.8058 0.7902
0.7037 0.7751 0.8056 0.7900
0.7037 0.7754 0.8056 0.7902
0.7037 0.7754 0.8053 0.7901
0.7037 0.7754 0.8051 0.7900
0.7037 0.7754 0.8048 0.7898
0.7037 0.7754 0.8045 0.7897
0.7037 0.7757 0.8046 0.7899
0.7037 0.7757 0.8043 0.7898
0.7037 0.7757 0.8041 0.7896
0.7037 0.7757 0.8038 0.7895
0.7037 0.7757 0.8035 0.7894
0.7037 0.7757 0.8032 0.7893
0.7037 0.7757 0.8030 0.7891
0.7037 0.7761 0.8030 0.7893
0.7037 0.7761 0.8028 0.7892
0.7037 0.7761 0.8025 0.7891
0.7037 0.7761 0.8022 0.7889
0.7037 0.7761 0.8020 0.7888
0.7037 0.7761 0.8017 0.7887
0.7037 0.7764 0.8018 0.7889
0.7037 0.7767 0.8018 0.7891
0.7037 0.7767 0.8015 0.7889
0.7037 0.7771 0.8016 0.7891
0.7037 0.7771 0.8013 0.7890
0.7037 0.7771 0.8011 0.7889
0.7037 0.7774 0.8011 0.7891
0.7037 0.7777 0.8012 0.7893
0.7037 0.7777 0.8009 0.7892
0.7037 0.7777 0.8007 0.7890
0.7037 0.7777 0.8004 0.7889
0.7037 0.7777 0.8001 0.7888
0.7037 0.7780 0.8002 0.7890
0.7037 0.7784 0.8003 0.7892
0.7037 0.7784 0.8000 0.7890
0.7037 0.7784 0.7997 0.7889
0.7037 0.7784 0.7995 0.7888
0.7037 0.7784 0.7992 0.7886
0.7037 0.7784 0.7989 0.7885
0.7037 0.7784 0.7987 0.7884
0.7037 0.7784 0.7984 0.7882
0.7037 0.7784 0.7981 0.7881
0.7037 0.7784 0.7979 0.7880
0.7037 0.7784 0.7976 0.7879
0.7037 0.7784 0.7973 0.7877
0.7037 0.7787 0.7974 0.7879
0.7037 0.7790 0.7975 0.7881
0.7037 0.7790 0.7972 0.7880
0.7037 0.7790 0.7969 0.7879
0.7037 0.7790 0.7967 0.7877
0.7037 0.7790 0.7964 0.7876
0.7037 0.7790 0.7961 0.7875
0.7037 0.7790 0.7959 0.7873
0.7037 0.7790 0.7956 0.7872
0.7037 0.7790 0.7953 0.7871
0.7037 0.7790 0.7951 0.7870
0.7037 0.7790 0.7948 0.7868
0.7037 0.7790 0.7945 0.7867
0.7037 0.7790 0.7943 0.7866
0.7037 0.7790 0.7940 0.7864
0.7037 0.7793 0.7941 0.7866
0.7037 0.7793 0.7938 0.7865
0.7037 0.7793 0.7936 0.7864
0.7037 0.7797 0.7936 0.7866
0.7037 0.7797 0.7934 0.7865
0.7037 0.7797 0.7931 0.7863
0.7037 0.7797 0.7928 0.7862
0.7037 0.7797 0.7926 0.7861
0.7037 0.7800 0.7926 0.7863
0.7037 0.7800 0.7924 0.7861
0.7037 0.7800 0.7921 0.7860
0.7037 0.7800 0.7919 0.7859
0.7037 0.7803 0.7919 0.7861
0.7037 0.7803 0.7917 0.7859
0.7037 0.7803 0.7914 0.7858
0.7037 0.7803 0.7911 0.7857
0.7037 0.7803 0.7909 0.7856
0.7037 0.7803 0.7906 0.7854
0.7037 0.7806 0.7907 0.7856
0.7037 0.7810 0.7908 0.7858
0.7037 0.7810 0.7905 0.7857
0.7037 0.7810 0.7902 0.7856
0.7037 0.7813 0.7903 0.7858
0.7037 0.7816 0.7904 0.7860
0.7037 0.7816 0.7901 0.7858
0.7037 0.7816 0.7899 0.7857
0.7037 0.7819 0.7899 0.7859
0.7037 0.7819 0.7897 0.7858
0.7037 0.7819 0.7894 0.7857
0.7037 0.7823 0.7895 0.7859
0.7037 0.7823 0.7892 0.7857
0.7037 0.7823 0.7890 0.7856
0.7037 0.7823 0.7887 0.7855
0.7037 0.7823 0.7884 0.7853
0.7037 0.7823 0.7882 0.7852
0.7037 0.7823 0.7879 0.7851
0.7037 0.7823 0.7877 0.7850
0.7037 0.7826 0.7877 0.7852
0.7037 0.7826 0.7875 0.7850
0.7037 0.7826 0.7872 0.7849
0.7037 0.7826 0.7870 0.7848
0.7037 0.7829 0.7870 0.7850
0.7037 0.7829 0.7868 0.7848
0.7037 0.7829 0.7865 0.7847
0.7037 0.7829 0.7863 0.7846
0.7037 0.7829 0.7860 0.7845
0.7037 0.7829 0.7857 0.7843
0.7037 0.7832 0.7858 0.7845
0.7037 0.7836 0.7859 0.7847
0.7037 0.7836 0.7856 0.7846
0.7037 0.7836 0.7854 0.7845
0.7037 0.7836 0.7851 0.7843
0.7037 0.7839 0.7852 0.7845
0.7037 0.7839 0.7849 0.7844
0.7037 0.7839 0.7847 0.7843
0.7037 0.7842 0.7847 0.7845
0.7037 0.7842 0.7845 0.7844
0.7037 0.7842 0.7842 0.7842
0.7037 0.7842 0.7840 0.7841
0.7037 0.7842 0.7837 0.7840
0.7037 0.7842 0.7835 0.7838
0.7037 0.7842 0.7832 0.7837
0.7037 0.7842 0.7829 0.7836
0.7037 0.7842 0.7827 0.7835
0.7037 0.7846 0.7828 0.7837
0.7037 0.7846 0.7825 0.7835
0.7037 0.7846 0.7823 0.7834
0.7037 0.7846 0.7820 0.7833
0.7037 0.7846 0.7817 0.7831
0.7037 0.7846 0.7815 0.7830
0.7037 0.7846 0.7812 0.7829
0.7037 0.7846 0.7810 0.7828
0.7037 0.7846 0.7807 0.7826
0.7037 0.7849 0.7808 0.7828
0.7037 0.7849 0.7806 0.7827
0.7037 0.7849 0.7803 0.7826
0.7037 0.7852 0.7804 0.7828
0.7037 0.7852 0.7801 0.7827
0.7037 0.7852 0.7799 0.7825
0.7037 0.7852 0.7796 0.7824
0.7037 0.7852 0.7794 0.7823
0.7037 0.7852 0.7791 0.7821
0.7037 0.7855 0.7792 0.7823
0.7037 0.7855 0.7789 0.7822
0.7037 0.7855 0.7787 0.7821
0.7037 0.7855 0.7784 0.7820
0.7037 0.7859 0.7785 0.7822
0.7037 0.7859 0.7782 0.7820
